#301	ec:88:8f:23:4f:42	981	1619	5845	6613	6043	6183	969	981
#302	ec:17:2f:8d:31:96	24	687	6218	6613	6253	6338	687	699
#303	08:10:77:67:48:40	981	1619	4630	5035	4873	4988	969	981
#304	e0:46:9a:5a:da:af	24	687	5378	6206	6031	6171	687	699
#305	NULL	981	1619	4225	4618	4260	4345	969	981
#306	ec:88:8f:aa:2c:ca	24	687	5018	5378	5246	5331	687	699
#307	NULL	981	1619	3823	4213	4093	4178	969	981
#308	d8:5d:4c:30:30:e2	24	687	4208	5006	4341	4551	687	699
#309	08:10:73:0a:c2:34	981	1619	3420	3810	3455	3540	969	981
#310312	78:a1:06:84:15:1e   	24	687	2713	4196	4031	4171	687	699
#311	14:e6:e4:4e:19:ce	981	1619	3015	3408	3288	3373	969	981
#313	NULL	981	1619	2610	3003	2645	2730	969	981
#315	14:e6:e4:58:96:48	981	1619	1848	2598	1883	2023	969	981
#314	1c:af:f7:4b:57:ec	24	687	930	1812	1572	1792	687	699
#316	NULL	24	687	24	918	95	235	687	699
#317319	08:10:77:fa:a2:45	981	3252	24	1824	1504	1754	1012	1024