######## Hello, now is MAP LOAD PART ############
55
0 0 24 6637
687 0 699 95
687 235 699 1652
687 1792 699 1824
687 2155 699 2314
687 2394 699 2444
687 2504 699 2812
687 2932 699 3022
687 3152 699 4031
687 4161 699 4421
687 4551 699 5246
687 5331 699 6031
687 6171 699 6253
687 6338 699 6637
969 375 981 1504
969 1754 981 1883
969 2023 981 2645
969 2730 981 3288
969 3373 981 3455
969 3540 981 4093
969 4178 981 4260
969 4345 981 4903
969 4988 981 5035
969 5833 981 6043
969 6183 981 6637
1092 0 1104 125
1092 265 1104 386
1092 1493 1104 1579
1092 1719 1104 1766
1619 1824 1643 6637
3252 0 3276 1848
0 0 3276 24
0 918 699 930
0 1812 699 1824
0 2155 699 2167
0 2701 699 2713
0 4196 699 4208
0 5006 699 5018
0 5366 699 5378
0 6206 699 6218
0 6613 1631 6637
969 374 1104 386
969 1492 1104 1504
969 1754 1104 1766
969 1824 3276 1848
969 2598 1631 2610
969 3003 1631 3015
969 3408 1631 3420
969 3810 1631 3822
969 4213 1631 4225
969 4618 1631 4630
969 5023 1631 5035
969 5413 1631 5425
969 5833 1631 5845
969 6613 1631 6637
3276 6637
