######## Hello, now is MAP LOAD PART ############
55
0 0 24 6637
687 0 699 95
687 235 699 1652
687 1792 699 1824
687 2155 699 2314
687 2394 699 2444
687 2504 699 2812
687 2932 699 3022
687 3152 699 4031
687 4161 699 4421
687 4551 699 5246
687 5331 699 6031
687 6171 699 6253
687 6338 699 6637
969 375 981 1504
969 1754 981 1883
969 2023 981 2645
969 2730 981 3288
969 3373 981 3455
969 3540 981 4093
969 4178 981 4260
969 4345 981 4903
969 4988 981 5035
969 5833 981 6043
969 6183 981 6637
1092 0 1104 125
1092 265 1104 386
1092 1493 1104 1579
1092 1719 1104 1766
1619 1824 1643 6637
3252 0 3276 1848
0 0 3276 24
0 918 699 930
0 1812 699 1824
0 2155 699 2167
0 2701 699 2713
0 4196 699 4208
0 5006 699 5018
0 5366 699 5378
0 6206 699 6218
0 6613 1631 6637
969 374 1104 386
969 1492 1104 1504
969 1754 1104 1766
969 1824 3276 1848
969 2598 1631 2610
969 3003 1631 3015
969 3408 1631 3420
969 3810 1631 3822
969 4213 1631 4225
969 4618 1631 4630
969 5023 1631 5035
969 5413 1631 5425
969 5833 1631 5845
969 6613 1631 6637
3276 6637
Map size is 6637 X 3276
######## END OF MAP LOAD PART ############
opened
ec:88:8f:23:4f:42 1589 6250 -32.0841 3.16
ec:17:2f:8d:31:96 54 6264 -40.5747 2.353
e0:46:9a:5a:da:af 94 5406 -44.3237 3.16
ec:88:8f:aa:2c:ca 27 5142 -40.1994 4.734
d8:5d:4c:30:30:e2 124 4959 -46.6699 3
08:10:73:0a:c2:34 1565 3632 -42.3932 3
14:e6:e4:4e:19:ce 1580 3050 -35.095 3.627
28:2c:b2:7e:4a:ca 1350 2560 -34.6282 3
14:e6:e4:58:96:48 1350 2570 -33.7915 3.404
a8:15:4d:34:18:5e 2301 1584 -33.5391 2.5
14:d6:4d:c9:e3:52 2001 524 -37.2901 2.5
1c:af:f7:4b:57:ec 227 1512 -34.6214 3
bc:d1:77:70:bc:d0 627 3203 -34 2.5
08:10:77:67:48:40 1559 4670 -34.1885 3.7
08:10:77:39:41:33 3062 254 -35 3.7
------------------------------------------------------------
status: 10
	a8:15:4d:34:18:5e -76 2301 1584 2.5 10
	14:e6:e4:58:96:48 -77 1350 2570 3.404 10
	14:d6:4d:c9:e3:52 -69 2001 524 2.5 10
	08:10:77:39:41:33 -79 3062 254 3.7 10
------------------------------------------------------------
status: 1011
	a8:15:4d:34:18:5e -70 2301 1584 2.5 1011
	14:e6:e4:58:96:48 -85 1350 2570 3.404 1011
	14:d6:4d:c9:e3:52 -64 2001 524 2.5 1011
	08:10:77:39:41:33 -76 3062 254 3.7 1011
------------------------------------------------------------
status: 2010
	a8:15:4d:34:18:5e -73 2301 1584 2.5 2010
	14:e6:e4:58:96:48 -85 1350 2570 3.404 2010
	14:d6:4d:c9:e3:52 -65 2001 524 2.5 2010
	08:10:77:39:41:33 -69 3062 254 3.7 2011
------------------------------------------------------------
status: 3010
	a8:15:4d:34:18:5e -74 2301 1584 2.5 3010
	14:e6:e4:58:96:48 -77 1350 2570 3.404 3010
	14:d6:4d:c9:e3:52 -69 2001 524 2.5 3010
	08:10:77:39:41:33 -69 3062 254 3.7 3010
------------------------------------------------------------
status: 4010
	a8:15:4d:34:18:5e -70 2301 1584 2.5 4010
	14:e6:e4:58:96:48 -77 1350 2570 3.404 4010
	14:d6:4d:c9:e3:52 -80 2001 524 2.5 4010
	08:10:77:39:41:33 -67 3062 254 3.7 4010
------------------------------------------------------------
status: 5011
	a8:15:4d:34:18:5e -77 2301 1584 2.5 5011
	14:e6:e4:58:96:48 -77 1350 2570 3.404 5011
	14:d6:4d:c9:e3:52 -74 2001 524 2.5 5011
	08:10:77:39:41:33 -84 3062 254 3.7 5011
	14:e6:e4:4e:19:ce -87 1580 3050 3.627 5011
------------------------------------------------------------
status: 6012
	a8:15:4d:34:18:5e -77 2301 1584 2.5 6012
	14:e6:e4:58:96:48 -77 1350 2570 3.404 6012
	14:d6:4d:c9:e3:52 -81 2001 524 2.5 6012
	08:10:77:39:41:33 -79 3062 254 3.7 6013
	14:e6:e4:4e:19:ce -87 1580 3050 3.627 6013
------------------------------------------------------------
status: 7012
	a8:15:4d:34:18:5e -74 2301 1584 2.5 7012
	14:e6:e4:58:96:48 -81 1350 2570 3.404 7012
	14:d6:4d:c9:e3:52 -81 2001 524 2.5 7012
	08:10:77:39:41:33 -79 3062 254 3.7 7012
	14:e6:e4:4e:19:ce -87 1580 3050 3.627 7012
------------------------------------------------------------
status: 8012
	a8:15:4d:34:18:5e -72 2301 1584 2.5 8012
	14:e6:e4:58:96:48 -74 1350 2570 3.404 8012
	14:d6:4d:c9:e3:52 -78 2001 524 2.5 8012
	08:10:77:39:41:33 -79 3062 254 3.7 8012
	14:e6:e4:4e:19:ce -87 1580 3050 3.627 8012
------------------------------------------------------------
status: 9013
	a8:15:4d:34:18:5e -72 2301 1584 2.5 9013
	14:e6:e4:58:96:48 -78 1350 2570 3.404 9014
	14:d6:4d:c9:e3:52 -76 2001 524 2.5 9015
	08:10:77:39:41:33 -79 3062 254 3.7 9015
	14:e6:e4:4e:19:ce -87 1580 3050 3.627 9016
	bc:d1:77:70:bc:d0 -90 627 3203 2.5 9016
------------------------------------------------------------
status: 10014
	a8:15:4d:34:18:5e -70 2301 1584 2.5 10014
	14:e6:e4:58:96:48 -77 1350 2570 3.404 10014
	14:d6:4d:c9:e3:52 -80 2001 524 2.5 10014
	08:10:77:39:41:33 -79 3062 254 3.7 10014
	14:e6:e4:4e:19:ce -85 1580 3050 3.627 10015
	bc:d1:77:70:bc:d0 -90 627 3203 2.5 10015
------------------------------------------------------------
status: 11013
	a8:15:4d:34:18:5e -70 2301 1584 2.5 11013
	14:e6:e4:58:96:48 -85 1350 2570 3.404 11014
	14:d6:4d:c9:e3:52 -78 2001 524 2.5 11014
	08:10:77:39:41:33 -83 3062 254 3.7 11014
	14:e6:e4:4e:19:ce -85 1580 3050 3.627 11014
	bc:d1:77:70:bc:d0 -90 627 3203 2.5 11014
------------------------------------------------------------
status: 12013
	a8:15:4d:34:18:5e -72 2301 1584 2.5 12013
	14:e6:e4:58:96:48 -71 1350 2570 3.404 12013
	14:d6:4d:c9:e3:52 -80 2001 524 2.5 12013
	08:10:77:39:41:33 -83 3062 254 3.7 12013
	14:e6:e4:4e:19:ce -85 1580 3050 3.627 12013
	bc:d1:77:70:bc:d0 -88 627 3203 2.5 12014
------------------------------------------------------------
status: 13014
	a8:15:4d:34:18:5e -64 2301 1584 2.5 13014
	14:e6:e4:58:96:48 -70 1350 2570 3.404 13014
	14:d6:4d:c9:e3:52 -83 2001 524 2.5 13014
	08:10:77:39:41:33 -83 3062 254 3.7 13014
	14:e6:e4:4e:19:ce -90 1580 3050 3.627 13014
	bc:d1:77:70:bc:d0 -91 627 3203 2.5 13014
------------------------------------------------------------
status: 14014
	a8:15:4d:34:18:5e -55 2301 1584 2.5 14014
	14:e6:e4:58:96:48 -75 1350 2570 3.404 14014
	14:d6:4d:c9:e3:52 -80 2001 524 2.5 14015
	08:10:77:39:41:33 -83 3062 254 3.7 14015
	14:e6:e4:4e:19:ce -83 1580 3050 3.627 14015
	bc:d1:77:70:bc:d0 -84 627 3203 2.5 14015
	d8:5d:4c:30:30:e2 -90 124 4959 3 14015
	08:10:73:0a:c2:34 -94 1565 3632 3 14015
------------------------------------------------------------
status: 15013
	a8:15:4d:34:18:5e -59 2301 1584 2.5 15013
	14:e6:e4:58:96:48 -61 1350 2570 3.404 15013
	14:d6:4d:c9:e3:52 -87 2001 524 2.5 15014
	08:10:77:39:41:33 -83 3062 254 3.7 15014
	14:e6:e4:4e:19:ce -84 1580 3050 3.627 15014
	bc:d1:77:70:bc:d0 -82 627 3203 2.5 15014
	d8:5d:4c:30:30:e2 -90 124 4959 3 15015
	08:10:73:0a:c2:34 -94 1565 3632 3 15015
------------------------------------------------------------
status: 16014
	a8:15:4d:34:18:5e -86 2301 1584 2.5 16014
	14:e6:e4:58:96:48 -58 1350 2570 3.404 16014
	14:d6:4d:c9:e3:52 -87 2001 524 2.5 16014
	14:e6:e4:4e:19:ce -86 1580 3050 3.627 16014
	bc:d1:77:70:bc:d0 -82 627 3203 2.5 16015
	d8:5d:4c:30:30:e2 -90 124 4959 3 16015
	08:10:73:0a:c2:34 -91 1565 3632 3 16015
------------------------------------------------------------
status: 17014
	a8:15:4d:34:18:5e -86 2301 1584 2.5 17014
	14:e6:e4:58:96:48 -62 1350 2570 3.404 17014
	14:d6:4d:c9:e3:52 -87 2001 524 2.5 17014
	14:e6:e4:4e:19:ce -81 1580 3050 3.627 17014
	bc:d1:77:70:bc:d0 -85 627 3203 2.5 17014
	d8:5d:4c:30:30:e2 -90 124 4959 3 17014
	08:10:73:0a:c2:34 -85 1565 3632 3 17014
	08:10:77:39:41:33 -91 3062 254 3.7 17014
------------------------------------------------------------
status: 18015
	a8:15:4d:34:18:5e -86 2301 1584 2.5 18015
	14:e6:e4:58:96:48 -70 1350 2570 3.404 18016
	14:d6:4d:c9:e3:52 -87 2001 524 2.5 18016
	14:e6:e4:4e:19:ce -81 1580 3050 3.627 18016
	bc:d1:77:70:bc:d0 -85 627 3203 2.5 18016
	d8:5d:4c:30:30:e2 -90 124 4959 3 18017
	08:10:73:0a:c2:34 -86 1565 3632 3 18017
	08:10:77:39:41:33 -91 3062 254 3.7 18017
	ec:88:8f:23:4f:42 -86 1589 6250 3.16 18017
	ec:88:8f:aa:2c:ca -92 27 5142 4.734 18017
------------------------------------------------------------
status: 19013
	a8:15:4d:34:18:5e -86 2301 1584 2.5 19013
	14:e6:e4:58:96:48 -63 1350 2570 3.404 19015
	14:d6:4d:c9:e3:52 -87 2001 524 2.5 19015
	14:e6:e4:4e:19:ce -85 1580 3050 3.627 19016
	bc:d1:77:70:bc:d0 -85 627 3203 2.5 19016
	08:10:73:0a:c2:34 -87 1565 3632 3 19016
	08:10:77:39:41:33 -91 3062 254 3.7 19016
	ec:88:8f:23:4f:42 -86 1589 6250 3.16 19016
	ec:88:8f:aa:2c:ca -92 27 5142 4.734 19016
------------------------------------------------------------
status: 20016
	a8:15:4d:34:18:5e -86 2301 1584 2.5 20016
	14:e6:e4:58:96:48 -60 1350 2570 3.404 20016
	14:e6:e4:4e:19:ce -82 1580 3050 3.627 20016
	bc:d1:77:70:bc:d0 -76 627 3203 2.5 20016
	08:10:73:0a:c2:34 -87 1565 3632 3 20016
	08:10:77:39:41:33 -91 3062 254 3.7 20017
	ec:88:8f:23:4f:42 -86 1589 6250 3.16 20017
	ec:88:8f:aa:2c:ca -91 27 5142 4.734 20017
	ec:17:2f:8d:31:96 -90 54 6264 2.353 20017
	d8:5d:4c:30:30:e2 -94 124 4959 3 20017
	08:10:77:67:48:40 -81 1559 4670 3.7 20017
------------------------------------------------------------
status: 21016
	14:e6:e4:58:96:48 -56 1350 2570 3.404 21016
	14:e6:e4:4e:19:ce -79 1580 3050 3.627 21020
	bc:d1:77:70:bc:d0 -76 627 3203 2.5 21020
	08:10:73:0a:c2:34 -83 1565 3632 3 21025
	08:10:77:39:41:33 -91 3062 254 3.7 21025
	ec:88:8f:23:4f:42 -86 1589 6250 3.16 21025
	ec:88:8f:aa:2c:ca -91 27 5142 4.734 21025
	ec:17:2f:8d:31:96 -92 54 6264 2.353 21025
	d8:5d:4c:30:30:e2 -94 124 4959 3 21025
	08:10:77:67:48:40 -81 1559 4670 3.7 21025
------------------------------------------------------------
status: 22018
	14:e6:e4:58:96:48 -69 1350 2570 3.404 22018
	14:e6:e4:4e:19:ce -79 1580 3050 3.627 22018
	bc:d1:77:70:bc:d0 -83 627 3203 2.5 22018
	08:10:73:0a:c2:34 -84 1565 3632 3 22018
	ec:88:8f:23:4f:42 -86 1589 6250 3.16 22018
	ec:88:8f:aa:2c:ca -91 27 5142 4.734 22018
	ec:17:2f:8d:31:96 -92 54 6264 2.353 22018
	d8:5d:4c:30:30:e2 -94 124 4959 3 22018
	08:10:77:67:48:40 -81 1559 4670 3.7 22018
------------------------------------------------------------
status: 23016
	14:e6:e4:58:96:48 -75 1350 2570 3.404 23016
	14:e6:e4:4e:19:ce -74 1580 3050 3.627 23016
	bc:d1:77:70:bc:d0 -76 627 3203 2.5 23016
	08:10:73:0a:c2:34 -90 1565 3632 3 23016
	ec:88:8f:aa:2c:ca -88 27 5142 4.734 23016
	ec:17:2f:8d:31:96 -92 54 6264 2.353 23016
	d8:5d:4c:30:30:e2 -94 124 4959 3 23016
	08:10:77:67:48:40 -84 1559 4670 3.7 23016
------------------------------------------------------------
status: 24013
	14:e6:e4:58:96:48 -80 1350 2570 3.404 24013
	14:e6:e4:4e:19:ce -70 1580 3050 3.627 24013
	bc:d1:77:70:bc:d0 -67 627 3203 2.5 24013
	08:10:73:0a:c2:34 -84 1565 3632 3 24013
	ec:88:8f:aa:2c:ca -87 27 5142 4.734 24013
	ec:17:2f:8d:31:96 -88 54 6264 2.353 24013
	08:10:77:67:48:40 -84 1559 4670 3.7 24013
------------------------------------------------------------
status: 25015
	14:e6:e4:58:96:48 -84 1350 2570 3.404 25015
	14:e6:e4:4e:19:ce -61 1580 3050 3.627 25015
	bc:d1:77:70:bc:d0 -67 627 3203 2.5 25015
	08:10:73:0a:c2:34 -84 1565 3632 3 25015
	ec:88:8f:aa:2c:ca -86 27 5142 4.734 25015
	ec:17:2f:8d:31:96 -92 54 6264 2.353 25016
	08:10:77:67:48:40 -86 1559 4670 3.7 25016
------------------------------------------------------------
status: 26014
	14:e6:e4:58:96:48 -83 1350 2570 3.404 26014
	14:e6:e4:4e:19:ce -68 1580 3050 3.627 26015
	bc:d1:77:70:bc:d0 -66 627 3203 2.5 26015
	08:10:73:0a:c2:34 -80 1565 3632 3 26015
	ec:88:8f:aa:2c:ca -84 27 5142 4.734 26015
	ec:17:2f:8d:31:96 -92 54 6264 2.353 26015
	08:10:77:67:48:40 -87 1559 4670 3.7 26015
------------------------------------------------------------
status: 27015
	14:e6:e4:58:96:48 -83 1350 2570 3.404 27015
	14:e6:e4:4e:19:ce -57 1580 3050 3.627 27015
	bc:d1:77:70:bc:d0 -63 627 3203 2.5 27015
	08:10:73:0a:c2:34 -70 1565 3632 3 27016
	ec:88:8f:aa:2c:ca -88 27 5142 4.734 27016
	ec:17:2f:8d:31:96 -92 54 6264 2.353 27016
	08:10:77:67:48:40 -86 1559 4670 3.7 27016
	ec:88:8f:23:4f:42 -87 1589 6250 3.16 27016
------------------------------------------------------------
status: 28015
	14:e6:e4:58:96:48 -83 1350 2570 3.404 28015
	14:e6:e4:4e:19:ce -62 1580 3050 3.627 28015
	bc:d1:77:70:bc:d0 -58 627 3203 2.5 28015
	08:10:73:0a:c2:34 -77 1565 3632 3 28015
	ec:88:8f:aa:2c:ca -80 27 5142 4.734 28015
	ec:17:2f:8d:31:96 -92 54 6264 2.353 28015
	08:10:77:67:48:40 -81 1559 4670 3.7 28016
	ec:88:8f:23:4f:42 -87 1589 6250 3.16 28016
------------------------------------------------------------
status: 29019
	14:e6:e4:58:96:48 -83 1350 2570 3.404 29019
	14:e6:e4:4e:19:ce -51 1580 3050 3.627 29019
	bc:d1:77:70:bc:d0 -70 627 3203 2.5 29019
	08:10:73:0a:c2:34 -62 1565 3632 3 29019
	ec:88:8f:aa:2c:ca -83 27 5142 4.734 29019
	ec:17:2f:8d:31:96 -92 54 6264 2.353 29019
	08:10:77:67:48:40 -81 1559 4670 3.7 29019
	ec:88:8f:23:4f:42 -87 1589 6250 3.16 29020
	d8:5d:4c:30:30:e2 -88 124 4959 3 29020
------------------------------------------------------------
status: 30015
	14:e6:e4:58:96:48 -85 1350 2570 3.404 30015
	14:e6:e4:4e:19:ce -72 1580 3050 3.627 30015
	bc:d1:77:70:bc:d0 -74 627 3203 2.5 30015
	08:10:73:0a:c2:34 -68 1565 3632 3 30015
	ec:88:8f:aa:2c:ca -85 27 5142 4.734 30015
	08:10:77:67:48:40 -83 1559 4670 3.7 30015
	ec:88:8f:23:4f:42 -87 1589 6250 3.16 30017
	d8:5d:4c:30:30:e2 -85 124 4959 3 30017
------------------------------------------------------------
status: 31016
	14:e6:e4:58:96:48 -85 1350 2570 3.404 31016
	14:e6:e4:4e:19:ce -73 1580 3050 3.627 31016
	bc:d1:77:70:bc:d0 -78 627 3203 2.5 31017
	08:10:73:0a:c2:34 -75 1565 3632 3 31017
	ec:88:8f:aa:2c:ca -81 27 5142 4.734 31017
	08:10:77:67:48:40 -80 1559 4670 3.7 31017
	ec:88:8f:23:4f:42 -87 1589 6250 3.16 31017
	d8:5d:4c:30:30:e2 -88 124 4959 3 31017
	ec:17:2f:8d:31:96 -86 54 6264 2.353 31017
------------------------------------------------------------
status: 32018
	14:e6:e4:58:96:48 -85 1350 2570 3.404 32018
	14:e6:e4:4e:19:ce -73 1580 3050 3.627 32018
	bc:d1:77:70:bc:d0 -78 627 3203 2.5 32018
	08:10:73:0a:c2:34 -83 1565 3632 3 32018
	ec:88:8f:aa:2c:ca -83 27 5142 4.734 32018
	08:10:77:67:48:40 -81 1559 4670 3.7 32018
	ec:88:8f:23:4f:42 -83 1589 6250 3.16 32018
	d8:5d:4c:30:30:e2 -83 124 4959 3 32018
	ec:17:2f:8d:31:96 -86 54 6264 2.353 32018
------------------------------------------------------------
status: 33037
	14:e6:e4:58:96:48 -85 1350 2570 3.404 33037
	14:e6:e4:4e:19:ce -73 1580 3050 3.627 33037
	bc:d1:77:70:bc:d0 -82 627 3203 2.5 33037
	08:10:73:0a:c2:34 -84 1565 3632 3 33038
	ec:88:8f:aa:2c:ca -83 27 5142 4.734 33038
	08:10:77:67:48:40 -86 1559 4670 3.7 33038
	ec:88:8f:23:4f:42 -83 1589 6250 3.16 33038
	d8:5d:4c:30:30:e2 -81 124 4959 3 33038
	ec:17:2f:8d:31:96 -86 54 6264 2.353 33038
------------------------------------------------------------
status: 34016
	14:e6:e4:4e:19:ce -86 1580 3050 3.627 34016
	bc:d1:77:70:bc:d0 -77 627 3203 2.5 34016
	08:10:73:0a:c2:34 -90 1565 3632 3 34016
	ec:88:8f:aa:2c:ca -84 27 5142 4.734 34017
	08:10:77:67:48:40 -84 1559 4670 3.7 34017
	ec:88:8f:23:4f:42 -82 1589 6250 3.16 34017
	d8:5d:4c:30:30:e2 -83 124 4959 3 34017
	ec:17:2f:8d:31:96 -86 54 6264 2.353 34017
------------------------------------------------------------
status: 35018
	14:e6:e4:4e:19:ce -86 1580 3050 3.627 35018
	bc:d1:77:70:bc:d0 -82 627 3203 2.5 35018
	08:10:73:0a:c2:34 -82 1565 3632 3 35018
	ec:88:8f:aa:2c:ca -84 27 5142 4.734 35018
	08:10:77:67:48:40 -80 1559 4670 3.7 35018
	ec:88:8f:23:4f:42 -80 1589 6250 3.16 35018
	d8:5d:4c:30:30:e2 -78 124 4959 3 35018
	ec:17:2f:8d:31:96 -91 54 6264 2.353 35018
------------------------------------------------------------
status: 36020
	14:e6:e4:4e:19:ce -86 1580 3050 3.627 36020
	bc:d1:77:70:bc:d0 -91 627 3203 2.5 36020
	08:10:73:0a:c2:34 -94 1565 3632 3 36020
	ec:88:8f:aa:2c:ca -80 27 5142 4.734 36020
	08:10:77:67:48:40 -71 1559 4670 3.7 36020
	ec:88:8f:23:4f:42 -80 1589 6250 3.16 36020
	d8:5d:4c:30:30:e2 -69 124 4959 3 36020
	ec:17:2f:8d:31:96 -91 54 6264 2.353 36020
------------------------------------------------------------
status: 37018
	14:e6:e4:4e:19:ce -86 1580 3050 3.627 37018
	bc:d1:77:70:bc:d0 -87 627 3203 2.5 37018
	08:10:73:0a:c2:34 -94 1565 3632 3 37018
	ec:88:8f:aa:2c:ca -78 27 5142 4.734 37019
	08:10:77:67:48:40 -68 1559 4670 3.7 37019
	ec:88:8f:23:4f:42 -80 1589 6250 3.16 37019
	d8:5d:4c:30:30:e2 -68 124 4959 3 37019
	ec:17:2f:8d:31:96 -86 54 6264 2.353 37019
------------------------------------------------------------
status: 38016
	14:e6:e4:4e:19:ce -86 1580 3050 3.627 38016
	bc:d1:77:70:bc:d0 -88 627 3203 2.5 38017
	08:10:73:0a:c2:34 -94 1565 3632 3 38017
	ec:88:8f:aa:2c:ca -80 27 5142 4.734 38017
	08:10:77:67:48:40 -78 1559 4670 3.7 38017
	ec:88:8f:23:4f:42 -81 1589 6250 3.16 38017
	d8:5d:4c:30:30:e2 -72 124 4959 3 38017
	ec:17:2f:8d:31:96 -83 54 6264 2.353 38018
------------------------------------------------------------
status: 39017
	bc:d1:77:70:bc:d0 -88 627 3203 2.5 39017
	08:10:73:0a:c2:34 -94 1565 3632 3 39017
	ec:88:8f:aa:2c:ca -78 27 5142 4.734 39017
	08:10:77:67:48:40 -78 1559 4670 3.7 39017
	ec:88:8f:23:4f:42 -81 1589 6250 3.16 39017
	d8:5d:4c:30:30:e2 -73 124 4959 3 39017
	ec:17:2f:8d:31:96 -83 54 6264 2.353 39017
------------------------------------------------------------
status: 40017
	bc:d1:77:70:bc:d0 -88 627 3203 2.5 40017
	08:10:73:0a:c2:34 -94 1565 3632 3 40017
	ec:88:8f:aa:2c:ca -76 27 5142 4.734 40017
	08:10:77:67:48:40 -72 1559 4670 3.7 40017
	ec:88:8f:23:4f:42 -82 1589 6250 3.16 40017
	d8:5d:4c:30:30:e2 -76 124 4959 3 40017
	ec:17:2f:8d:31:96 -83 54 6264 2.353 40017
------------------------------------------------------------
status: 41016
	bc:d1:77:70:bc:d0 -94 627 3203 2.5 41016
	ec:88:8f:aa:2c:ca -71 27 5142 4.734 41016
	08:10:77:67:48:40 -67 1559 4670 3.7 41016
	ec:88:8f:23:4f:42 -81 1589 6250 3.16 41016
	d8:5d:4c:30:30:e2 -77 124 4959 3 41016
	ec:17:2f:8d:31:96 -83 54 6264 2.353 41016
------------------------------------------------------------
status: 42016
	bc:d1:77:70:bc:d0 -94 627 3203 2.5 42016
	ec:88:8f:aa:2c:ca -78 27 5142 4.734 42016
	08:10:77:67:48:40 -65 1559 4670 3.7 42016
	ec:88:8f:23:4f:42 -84 1589 6250 3.16 42017
	d8:5d:4c:30:30:e2 -75 124 4959 3 42017
	ec:17:2f:8d:31:96 -84 54 6264 2.353 42017
------------------------------------------------------------
status: 43015
	bc:d1:77:70:bc:d0 -94 627 3203 2.5 43015
	ec:88:8f:aa:2c:ca -68 27 5142 4.734 43015
	08:10:77:67:48:40 -66 1559 4670 3.7 43015
	ec:88:8f:23:4f:42 -82 1589 6250 3.16 43015
	d8:5d:4c:30:30:e2 -81 124 4959 3 43015
	ec:17:2f:8d:31:96 -83 54 6264 2.353 43016
------------------------------------------------------------
status: 44016
	bc:d1:77:70:bc:d0 -94 627 3203 2.5 44016
	ec:88:8f:aa:2c:ca -66 27 5142 4.734 44016
	08:10:77:67:48:40 -70 1559 4670 3.7 44016
	ec:88:8f:23:4f:42 -87 1589 6250 3.16 44016
	d8:5d:4c:30:30:e2 -84 124 4959 3 44016
	ec:17:2f:8d:31:96 -84 54 6264 2.353 44016
	e0:46:9a:5a:da:af -84 94 5406 3.16 44016
------------------------------------------------------------
status: 45016
	bc:d1:77:70:bc:d0 -91 627 3203 2.5 45016
	ec:88:8f:aa:2c:ca -60 27 5142 4.734 45016
	08:10:77:67:48:40 -74 1559 4670 3.7 45016
	ec:88:8f:23:4f:42 -78 1589 6250 3.16 45016
	d8:5d:4c:30:30:e2 -82 124 4959 3 45017
	ec:17:2f:8d:31:96 -82 54 6264 2.353 45017
	e0:46:9a:5a:da:af -81 94 5406 3.16 45017
------------------------------------------------------------
status: 46016
	bc:d1:77:70:bc:d0 -91 627 3203 2.5 46016
	ec:88:8f:aa:2c:ca -61 27 5142 4.734 46016
	08:10:77:67:48:40 -80 1559 4670 3.7 46016
	ec:88:8f:23:4f:42 -76 1589 6250 3.16 46016
	d8:5d:4c:30:30:e2 -79 124 4959 3 46016
	ec:17:2f:8d:31:96 -82 54 6264 2.353 46016
	e0:46:9a:5a:da:af -78 94 5406 3.16 46017
------------------------------------------------------------
status: 47016
	bc:d1:77:70:bc:d0 -91 627 3203 2.5 47016
	ec:88:8f:aa:2c:ca -73 27 5142 4.734 47016
	08:10:77:67:48:40 -79 1559 4670 3.7 47016
	ec:88:8f:23:4f:42 -73 1589 6250 3.16 47016
	d8:5d:4c:30:30:e2 -79 124 4959 3 47016
	ec:17:2f:8d:31:96 -84 54 6264 2.353 47016
	e0:46:9a:5a:da:af -78 94 5406 3.16 47017
------------------------------------------------------------
status: 48017
	bc:d1:77:70:bc:d0 -91 627 3203 2.5 48017
	ec:88:8f:aa:2c:ca -70 27 5142 4.734 48017
	08:10:77:67:48:40 -79 1559 4670 3.7 48017
	ec:88:8f:23:4f:42 -73 1589 6250 3.16 48017
	d8:5d:4c:30:30:e2 -87 124 4959 3 48017
	ec:17:2f:8d:31:96 -84 54 6264 2.353 48017
	e0:46:9a:5a:da:af -75 94 5406 3.16 48018
------------------------------------------------------------
status: 49015
	ec:88:8f:aa:2c:ca -74 27 5142 4.734 49015
	08:10:77:67:48:40 -83 1559 4670 3.7 49015
	ec:88:8f:23:4f:42 -69 1589 6250 3.16 49015
	d8:5d:4c:30:30:e2 -87 124 4959 3 49015
	ec:17:2f:8d:31:96 -85 54 6264 2.353 49015
	e0:46:9a:5a:da:af -82 94 5406 3.16 49016
------------------------------------------------------------
status: 50018
	ec:88:8f:aa:2c:ca -77 27 5142 4.734 50018
	08:10:77:67:48:40 -83 1559 4670 3.7 50018
	ec:88:8f:23:4f:42 -67 1589 6250 3.16 50018
	d8:5d:4c:30:30:e2 -87 124 4959 3 50018
	ec:17:2f:8d:31:96 -80 54 6264 2.353 50018
	e0:46:9a:5a:da:af -78 94 5406 3.16 50018
------------------------------------------------------------
status: 51017
	ec:88:8f:aa:2c:ca -77 27 5142 4.734 51017
	08:10:77:67:48:40 -81 1559 4670 3.7 51017
	ec:88:8f:23:4f:42 -71 1589 6250 3.16 51017
	d8:5d:4c:30:30:e2 -91 124 4959 3 51017
	ec:17:2f:8d:31:96 -84 54 6264 2.353 51017
	e0:46:9a:5a:da:af -79 94 5406 3.16 51018
------------------------------------------------------------
status: 52016
	ec:88:8f:aa:2c:ca -73 27 5142 4.734 52016
	08:10:77:67:48:40 -83 1559 4670 3.7 52016
	ec:88:8f:23:4f:42 -70 1589 6250 3.16 52016
	d8:5d:4c:30:30:e2 -89 124 4959 3 52016
	ec:17:2f:8d:31:96 -84 54 6264 2.353 52016
	e0:46:9a:5a:da:af -86 94 5406 3.16 52016
------------------------------------------------------------
status: 53017
	ec:88:8f:aa:2c:ca -71 27 5142 4.734 53017
	08:10:77:67:48:40 -83 1559 4670 3.7 53017
	ec:88:8f:23:4f:42 -69 1589 6250 3.16 53017
	d8:5d:4c:30:30:e2 -85 124 4959 3 53017
	ec:17:2f:8d:31:96 -84 54 6264 2.353 53017
	e0:46:9a:5a:da:af -86 94 5406 3.16 53018
------------------------------------------------------------
status: 54015
	ec:88:8f:aa:2c:ca -64 27 5142 4.734 54015
	08:10:77:67:48:40 -81 1559 4670 3.7 54015
	ec:88:8f:23:4f:42 -68 1589 6250 3.16 54015
	d8:5d:4c:30:30:e2 -79 124 4959 3 54015
	ec:17:2f:8d:31:96 -88 54 6264 2.353 54015
	e0:46:9a:5a:da:af -82 94 5406 3.16 54015
------------------------------------------------------------
status: 55015
	ec:88:8f:aa:2c:ca -64 27 5142 4.734 55015
	08:10:77:67:48:40 -85 1559 4670 3.7 55015
	ec:88:8f:23:4f:42 -72 1589 6250 3.16 55015
	d8:5d:4c:30:30:e2 -81 124 4959 3 55015
	ec:17:2f:8d:31:96 -88 54 6264 2.353 55015
	e0:46:9a:5a:da:af -82 94 5406 3.16 55015
------------------------------------------------------------
status: 56015
	ec:88:8f:aa:2c:ca -57 27 5142 4.734 56015
	08:10:77:67:48:40 -82 1559 4670 3.7 56015
	ec:88:8f:23:4f:42 -70 1589 6250 3.16 56015
	d8:5d:4c:30:30:e2 -77 124 4959 3 56015
	ec:17:2f:8d:31:96 -88 54 6264 2.353 56015
	e0:46:9a:5a:da:af -80 94 5406 3.16 56015
------------------------------------------------------------
status: 57017
	ec:88:8f:aa:2c:ca -62 27 5142 4.734 57017
	08:10:77:67:48:40 -82 1559 4670 3.7 57017
	ec:88:8f:23:4f:42 -73 1589 6250 3.16 57017
	d8:5d:4c:30:30:e2 -72 124 4959 3 57017
	ec:17:2f:8d:31:96 -74 54 6264 2.353 57017
	e0:46:9a:5a:da:af -81 94 5406 3.16 57017
------------------------------------------------------------
status: 58017
	ec:88:8f:aa:2c:ca -57 27 5142 4.734 58017
	08:10:77:67:48:40 -82 1559 4670 3.7 58017
	ec:88:8f:23:4f:42 -76 1589 6250 3.16 58017
	d8:5d:4c:30:30:e2 -70 124 4959 3 58017
	ec:17:2f:8d:31:96 -79 54 6264 2.353 58017
	e0:46:9a:5a:da:af -77 94 5406 3.16 58017
------------------------------------------------------------
status: 59018
	ec:88:8f:aa:2c:ca -55 27 5142 4.734 59018
	08:10:77:67:48:40 -75 1559 4670 3.7 59018
	ec:88:8f:23:4f:42 -74 1589 6250 3.16 59018
	d8:5d:4c:30:30:e2 -73 124 4959 3 59018
	ec:17:2f:8d:31:96 -84 54 6264 2.353 59018
	e0:46:9a:5a:da:af -84 94 5406 3.16 59018
	08:10:73:0a:c2:34 -92 1565 3632 3 59018
------------------------------------------------------------
status: 60018
	ec:88:8f:aa:2c:ca -58 27 5142 4.734 60018
	08:10:77:67:48:40 -72 1559 4670 3.7 60018
	ec:88:8f:23:4f:42 -86 1589 6250 3.16 60018
	d8:5d:4c:30:30:e2 -82 124 4959 3 60018
	ec:17:2f:8d:31:96 -84 54 6264 2.353 60018
	e0:46:9a:5a:da:af -79 94 5406 3.16 60018
	08:10:73:0a:c2:34 -92 1565 3632 3 60018
	14:e6:e4:58:96:48 -83 1350 2570 3.404 60018
	bc:d1:77:70:bc:d0 -82 627 3203 2.5 60018
------------------------------------------------------------
status: 61017
	ec:88:8f:aa:2c:ca -60 27 5142 4.734 61017
	08:10:77:67:48:40 -68 1559 4670 3.7 61017
	ec:88:8f:23:4f:42 -86 1589 6250 3.16 61017
	d8:5d:4c:30:30:e2 -78 124 4959 3 61017
	ec:17:2f:8d:31:96 -84 54 6264 2.353 61017
	e0:46:9a:5a:da:af -79 94 5406 3.16 61018
	08:10:73:0a:c2:34 -91 1565 3632 3 61018
	14:e6:e4:58:96:48 -83 1350 2570 3.404 61018
	bc:d1:77:70:bc:d0 -82 627 3203 2.5 61018
------------------------------------------------------------
status: 62019
	ec:88:8f:aa:2c:ca -63 27 5142 4.734 62019
	08:10:77:67:48:40 -61 1559 4670 3.7 62019
	ec:88:8f:23:4f:42 -86 1589 6250 3.16 62020
	d8:5d:4c:30:30:e2 -77 124 4959 3 62020
	ec:17:2f:8d:31:96 -84 54 6264 2.353 62020
	e0:46:9a:5a:da:af -79 94 5406 3.16 62020
	08:10:73:0a:c2:34 -91 1565 3632 3 62020
	14:e6:e4:58:96:48 -83 1350 2570 3.404 62020
	bc:d1:77:70:bc:d0 -82 627 3203 2.5 62020
	14:e6:e4:4e:19:ce -84 1580 3050 3.627 62020
------------------------------------------------------------
status: 63019
	ec:88:8f:aa:2c:ca -73 27 5142 4.734 63019
	08:10:77:67:48:40 -58 1559 4670 3.7 63020
	ec:88:8f:23:4f:42 -85 1589 6250 3.16 63020
	d8:5d:4c:30:30:e2 -69 124 4959 3 63020
	ec:17:2f:8d:31:96 -84 54 6264 2.353 63020
	e0:46:9a:5a:da:af -79 94 5406 3.16 63020
	08:10:73:0a:c2:34 -91 1565 3632 3 63027
	14:e6:e4:58:96:48 -83 1350 2570 3.404 63027
	bc:d1:77:70:bc:d0 -82 627 3203 2.5 63027
	14:e6:e4:4e:19:ce -84 1580 3050 3.627 63027
------------------------------------------------------------
status: 64019
	ec:88:8f:aa:2c:ca -85 27 5142 4.734 64019
	08:10:77:67:48:40 -66 1559 4670 3.7 64019
	ec:88:8f:23:4f:42 -85 1589 6250 3.16 64019
	d8:5d:4c:30:30:e2 -72 124 4959 3 64019
	ec:17:2f:8d:31:96 -84 54 6264 2.353 64019
	e0:46:9a:5a:da:af -79 94 5406 3.16 64019
	08:10:73:0a:c2:34 -88 1565 3632 3 64019
	bc:d1:77:70:bc:d0 -86 627 3203 2.5 64019
	14:e6:e4:4e:19:ce -84 1580 3050 3.627 64019
------------------------------------------------------------
status: 65019
	ec:88:8f:aa:2c:ca -83 27 5142 4.734 65019
	08:10:77:67:48:40 -69 1559 4670 3.7 65019
	ec:88:8f:23:4f:42 -85 1589 6250 3.16 65019
	d8:5d:4c:30:30:e2 -73 124 4959 3 65019
	08:10:73:0a:c2:34 -83 1565 3632 3 65019
	bc:d1:77:70:bc:d0 -80 627 3203 2.5 65020
	14:e6:e4:4e:19:ce -81 1580 3050 3.627 65020
------------------------------------------------------------
status: 66018
	ec:88:8f:aa:2c:ca -86 27 5142 4.734 66018
	08:10:77:67:48:40 -72 1559 4670 3.7 66019
	ec:88:8f:23:4f:42 -85 1589 6250 3.16 66019
	d8:5d:4c:30:30:e2 -70 124 4959 3 66019
	08:10:73:0a:c2:34 -91 1565 3632 3 66019
	bc:d1:77:70:bc:d0 -87 627 3203 2.5 66019
	14:e6:e4:4e:19:ce -81 1580 3050 3.627 66019
------------------------------------------------------------
status: 67019
	ec:88:8f:aa:2c:ca -87 27 5142 4.734 67019
	08:10:77:67:48:40 -82 1559 4670 3.7 67019
	ec:88:8f:23:4f:42 -85 1589 6250 3.16 67019
	d8:5d:4c:30:30:e2 -73 124 4959 3 67019
	08:10:73:0a:c2:34 -87 1565 3632 3 67019
	bc:d1:77:70:bc:d0 -82 627 3203 2.5 67019
	14:e6:e4:4e:19:ce -84 1580 3050 3.627 67019
	14:e6:e4:58:96:48 -88 1350 2570 3.404 67019
------------------------------------------------------------
status: 68020
	ec:88:8f:aa:2c:ca -85 27 5142 4.734 68020
	08:10:77:67:48:40 -75 1559 4670 3.7 68020
	d8:5d:4c:30:30:e2 -74 124 4959 3 68020
	08:10:73:0a:c2:34 -90 1565 3632 3 68020
	bc:d1:77:70:bc:d0 -84 627 3203 2.5 68020
	14:e6:e4:4e:19:ce -84 1580 3050 3.627 68021
	14:e6:e4:58:96:48 -84 1350 2570 3.404 68021
------------------------------------------------------------
status: 69020
	ec:88:8f:aa:2c:ca -85 27 5142 4.734 69020
	08:10:77:67:48:40 -78 1559 4670 3.7 69020
	d8:5d:4c:30:30:e2 -81 124 4959 3 69021
	08:10:73:0a:c2:34 -83 1565 3632 3 69021
	bc:d1:77:70:bc:d0 -80 627 3203 2.5 69021
	14:e6:e4:4e:19:ce -84 1580 3050 3.627 69021
	14:e6:e4:58:96:48 -84 1350 2570 3.404 69021
------------------------------------------------------------
status: 70017
	ec:88:8f:aa:2c:ca -85 27 5142 4.734 70017
	08:10:77:67:48:40 -78 1559 4670 3.7 70018
	d8:5d:4c:30:30:e2 -84 124 4959 3 70018
	08:10:73:0a:c2:34 -84 1565 3632 3 70018
	bc:d1:77:70:bc:d0 -87 627 3203 2.5 70018
	14:e6:e4:4e:19:ce -81 1580 3050 3.627 70018
	14:e6:e4:58:96:48 -84 1350 2570 3.404 70018
------------------------------------------------------------
status: 71018
	ec:88:8f:aa:2c:ca -85 27 5142 4.734 71018
	08:10:77:67:48:40 -76 1559 4670 3.7 71018
	d8:5d:4c:30:30:e2 -88 124 4959 3 71018
	08:10:73:0a:c2:34 -83 1565 3632 3 71018
	bc:d1:77:70:bc:d0 -77 627 3203 2.5 71018
	14:e6:e4:4e:19:ce -69 1580 3050 3.627 71018
	14:e6:e4:58:96:48 -82 1350 2570 3.404 71018
------------------------------------------------------------
status: 72017
	ec:88:8f:aa:2c:ca -85 27 5142 4.734 72017
	08:10:77:67:48:40 -76 1559 4670 3.7 72017
	d8:5d:4c:30:30:e2 -88 124 4959 3 72017
	08:10:73:0a:c2:34 -80 1565 3632 3 72017
	bc:d1:77:70:bc:d0 -73 627 3203 2.5 72017
	14:e6:e4:4e:19:ce -75 1580 3050 3.627 72017
	14:e6:e4:58:96:48 -80 1350 2570 3.404 72017
------------------------------------------------------------
status: 73018
	08:10:77:67:48:40 -76 1559 4670 3.7 73018
	d8:5d:4c:30:30:e2 -86 124 4959 3 73018
	08:10:73:0a:c2:34 -81 1565 3632 3 73018
	bc:d1:77:70:bc:d0 -72 627 3203 2.5 73018
	14:e6:e4:4e:19:ce -75 1580 3050 3.627 73018
	14:e6:e4:58:96:48 -80 1350 2570 3.404 73018
------------------------------------------------------------
status: 74018
	08:10:77:67:48:40 -76 1559 4670 3.7 74018
	d8:5d:4c:30:30:e2 -89 124 4959 3 74018
	08:10:73:0a:c2:34 -75 1565 3632 3 74018
	bc:d1:77:70:bc:d0 -77 627 3203 2.5 74018
	14:e6:e4:4e:19:ce -73 1580 3050 3.627 74018
	14:e6:e4:58:96:48 -80 1350 2570 3.404 74018
	ec:88:8f:aa:2c:ca -92 27 5142 4.734 74018
------------------------------------------------------------
status: 75020
	d8:5d:4c:30:30:e2 -95 124 4959 3 75020
	08:10:73:0a:c2:34 -69 1565 3632 3 75020
	bc:d1:77:70:bc:d0 -76 627 3203 2.5 75020
	14:e6:e4:4e:19:ce -62 1580 3050 3.627 75020
	14:e6:e4:58:96:48 -77 1350 2570 3.404 75020
	ec:88:8f:aa:2c:ca -92 27 5142 4.734 75020
------------------------------------------------------------
status: 76019
	d8:5d:4c:30:30:e2 -95 124 4959 3 76019
	08:10:73:0a:c2:34 -71 1565 3632 3 76019
	bc:d1:77:70:bc:d0 -63 627 3203 2.5 76020
	14:e6:e4:4e:19:ce -59 1580 3050 3.627 76020
	14:e6:e4:58:96:48 -78 1350 2570 3.404 76020
	ec:88:8f:aa:2c:ca -92 27 5142 4.734 76020
------------------------------------------------------------
status: 77019
	d8:5d:4c:30:30:e2 -95 124 4959 3 77019
	08:10:73:0a:c2:34 -74 1565 3632 3 77019
	bc:d1:77:70:bc:d0 -54 627 3203 2.5 77019
	14:e6:e4:4e:19:ce -53 1580 3050 3.627 77019
	14:e6:e4:58:96:48 -81 1350 2570 3.404 77019
	ec:88:8f:aa:2c:ca -92 27 5142 4.734 77022
------------------------------------------------------------
status: 78020
	d8:5d:4c:30:30:e2 -93 124 4959 3 78020
	08:10:73:0a:c2:34 -76 1565 3632 3 78020
	bc:d1:77:70:bc:d0 -56 627 3203 2.5 78020
	14:e6:e4:4e:19:ce -62 1580 3050 3.627 78020
	14:e6:e4:58:96:48 -84 1350 2570 3.404 78020
	ec:88:8f:aa:2c:ca -92 27 5142 4.734 78020
------------------------------------------------------------
status: 79018
	d8:5d:4c:30:30:e2 -93 124 4959 3 79018
	08:10:73:0a:c2:34 -86 1565 3632 3 79018
	bc:d1:77:70:bc:d0 -71 627 3203 2.5 79018
	14:e6:e4:4e:19:ce -65 1580 3050 3.627 79018
	14:e6:e4:58:96:48 -76 1350 2570 3.404 79018
------------------------------------------------------------
status: 80019
	d8:5d:4c:30:30:e2 -93 124 4959 3 80019
	08:10:73:0a:c2:34 -84 1565 3632 3 80019
	bc:d1:77:70:bc:d0 -73 627 3203 2.5 80019
	14:e6:e4:4e:19:ce -67 1580 3050 3.627 80019
	14:e6:e4:58:96:48 -76 1350 2570 3.404 80019
------------------------------------------------------------
status: 81019
	d8:5d:4c:30:30:e2 -93 124 4959 3 81019
	08:10:73:0a:c2:34 -85 1565 3632 3 81019
	bc:d1:77:70:bc:d0 -78 627 3203 2.5 81019
	14:e6:e4:4e:19:ce -65 1580 3050 3.627 81019
	14:e6:e4:58:96:48 -83 1350 2570 3.404 81019
------------------------------------------------------------
status: 82018
	08:10:73:0a:c2:34 -82 1565 3632 3 82018
	bc:d1:77:70:bc:d0 -84 627 3203 2.5 82018
	14:e6:e4:4e:19:ce -65 1580 3050 3.627 82018
	14:e6:e4:58:96:48 -73 1350 2570 3.404 82018
------------------------------------------------------------
status: 83020
	08:10:73:0a:c2:34 -91 1565 3632 3 83020
	bc:d1:77:70:bc:d0 -87 627 3203 2.5 83020
	14:e6:e4:4e:19:ce -81 1580 3050 3.627 83020
	14:e6:e4:58:96:48 -77 1350 2570 3.404 83020
------------------------------------------------------------
status: 84021
	08:10:73:0a:c2:34 -91 1565 3632 3 84021
	bc:d1:77:70:bc:d0 -87 627 3203 2.5 84021
	14:e6:e4:4e:19:ce -77 1580 3050 3.627 84021
	14:e6:e4:58:96:48 -68 1350 2570 3.404 84028
------------------------------------------------------------
status: 85019
	08:10:73:0a:c2:34 -91 1565 3632 3 85019
	bc:d1:77:70:bc:d0 -85 627 3203 2.5 85019
	14:e6:e4:4e:19:ce -77 1580 3050 3.627 85019
	14:e6:e4:58:96:48 -64 1350 2570 3.404 85019
------------------------------------------------------------
status: 86020
	08:10:73:0a:c2:34 -91 1565 3632 3 86020
	bc:d1:77:70:bc:d0 -85 627 3203 2.5 86020
	14:e6:e4:4e:19:ce -87 1580 3050 3.627 86020
	14:e6:e4:58:96:48 -62 1350 2570 3.404 86020
	a8:15:4d:34:18:5e -88 2301 1584 2.5 86021
------------------------------------------------------------
status: 87019
	bc:d1:77:70:bc:d0 -85 627 3203 2.5 87019
	14:e6:e4:4e:19:ce -87 1580 3050 3.627 87019
	14:e6:e4:58:96:48 -67 1350 2570 3.404 87019
	a8:15:4d:34:18:5e -85 2301 1584 2.5 87019
------------------------------------------------------------
status: 88021
	bc:d1:77:70:bc:d0 -85 627 3203 2.5 88021
	14:e6:e4:4e:19:ce -87 1580 3050 3.627 88021
	14:e6:e4:58:96:48 -64 1350 2570 3.404 88021
	a8:15:4d:34:18:5e -85 2301 1584 2.5 88021
------------------------------------------------------------
status: 89020
	bc:d1:77:70:bc:d0 -90 627 3203 2.5 89020
	14:e6:e4:4e:19:ce -82 1580 3050 3.627 89020
	14:e6:e4:58:96:48 -68 1350 2570 3.404 89020
	a8:15:4d:34:18:5e -78 2301 1584 2.5 89020
------------------------------------------------------------
status: 90020
	bc:d1:77:70:bc:d0 -91 627 3203 2.5 90020
	14:e6:e4:4e:19:ce -82 1580 3050 3.627 90020
	14:e6:e4:58:96:48 -68 1350 2570 3.404 90020
	a8:15:4d:34:18:5e -83 2301 1584 2.5 90020
	14:d6:4d:c9:e3:52 -87 2001 524 2.5 90020
------------------------------------------------------------
status: 91020
	bc:d1:77:70:bc:d0 -91 627 3203 2.5 91020
	14:e6:e4:4e:19:ce -87 1580 3050 3.627 91020
	14:e6:e4:58:96:48 -72 1350 2570 3.404 91020
	a8:15:4d:34:18:5e -73 2301 1584 2.5 91021
	14:d6:4d:c9:e3:52 -87 2001 524 2.5 91021
------------------------------------------------------------
status: 92022
	bc:d1:77:70:bc:d0 -91 627 3203 2.5 92022
	14:e6:e4:4e:19:ce -87 1580 3050 3.627 92022
	14:e6:e4:58:96:48 -72 1350 2570 3.404 92022
	a8:15:4d:34:18:5e -65 2301 1584 2.5 92022
	14:d6:4d:c9:e3:52 -87 2001 524 2.5 92022
	08:10:77:39:41:33 -81 3062 254 3.7 92022
------------------------------------------------------------
status: 93022
	bc:d1:77:70:bc:d0 -91 627 3203 2.5 93022
	14:e6:e4:4e:19:ce -87 1580 3050 3.627 93022
	14:e6:e4:58:96:48 -72 1350 2570 3.404 93022
	a8:15:4d:34:18:5e -58 2301 1584 2.5 93022
	14:d6:4d:c9:e3:52 -83 2001 524 2.5 93022
	08:10:77:39:41:33 -79 3062 254 3.7 93022
------------------------------------------------------------
status: 94024
	bc:d1:77:70:bc:d0 -91 627 3203 2.5 94024
	14:e6:e4:4e:19:ce -87 1580 3050 3.627 94024
	14:e6:e4:58:96:48 -72 1350 2570 3.404 94024
	a8:15:4d:34:18:5e -55 2301 1584 2.5 94024
	14:d6:4d:c9:e3:52 -77 2001 524 2.5 94024
	08:10:77:39:41:33 -78 3062 254 3.7 94024
------------------------------------------------------------
status: 95022
	14:e6:e4:4e:19:ce -87 1580 3050 3.627 95022
	14:e6:e4:58:96:48 -76 1350 2570 3.404 95023
	a8:15:4d:34:18:5e -62 2301 1584 2.5 95023
	14:d6:4d:c9:e3:52 -80 2001 524 2.5 95023
	08:10:77:39:41:33 -79 3062 254 3.7 95023
------------------------------------------------------------
status: 96024
	14:e6:e4:58:96:48 -78 1350 2570 3.404 96024
	a8:15:4d:34:18:5e -56 2301 1584 2.5 96024
	14:d6:4d:c9:e3:52 -69 2001 524 2.5 96024
	08:10:77:39:41:33 -78 3062 254 3.7 96024
------------------------------------------------------------
status: 97023
	14:e6:e4:58:96:48 -78 1350 2570 3.404 97023
	a8:15:4d:34:18:5e -54 2301 1584 2.5 97023
	14:d6:4d:c9:e3:52 -63 2001 524 2.5 97023
	08:10:77:39:41:33 -72 3062 254 3.7 97023
------------------------------------------------------------
status: 98024
	14:e6:e4:58:96:48 -79 1350 2570 3.404 98024
	a8:15:4d:34:18:5e -64 2301 1584 2.5 98024
	14:d6:4d:c9:e3:52 -79 2001 524 2.5 98024
	08:10:77:39:41:33 -71 3062 254 3.7 98024
------------------------------------------------------------
status: 99023
	14:e6:e4:58:96:48 -78 1350 2570 3.404 99023
	a8:15:4d:34:18:5e -65 2301 1584 2.5 99023
	14:d6:4d:c9:e3:52 -67 2001 524 2.5 99023
	08:10:77:39:41:33 -73 3062 254 3.7 99023
------------------------------------------------------------
status: 100024
	14:e6:e4:58:96:48 -84 1350 2570 3.404 100024
	a8:15:4d:34:18:5e -60 2301 1584 2.5 100025
	14:d6:4d:c9:e3:52 -62 2001 524 2.5 100025
	08:10:77:39:41:33 -75 3062 254 3.7 100025
------------------------------------------------------------
status: 101022
	14:e6:e4:58:96:48 -84 1350 2570 3.404 101022
	a8:15:4d:34:18:5e -66 2301 1584 2.5 101022
	14:d6:4d:c9:e3:52 -59 2001 524 2.5 101022
	08:10:77:39:41:33 -65 3062 254 3.7 101022
------------------------------------------------------------
status: 102024
	14:e6:e4:58:96:48 -88 1350 2570 3.404 102024
	a8:15:4d:34:18:5e -63 2301 1584 2.5 102024
	14:d6:4d:c9:e3:52 -65 2001 524 2.5 102024
	08:10:77:39:41:33 -66 3062 254 3.7 102024
------------------------------------------------------------
status: 103024
	14:e6:e4:58:96:48 -81 1350 2570 3.404 103024
	a8:15:4d:34:18:5e -65 2301 1584 2.5 103024
	14:d6:4d:c9:e3:52 -60 2001 524 2.5 103024
	08:10:77:39:41:33 -73 3062 254 3.7 103024
------------------------------------------------------------
status: 104024
	14:e6:e4:58:96:48 -83 1350 2570 3.404 104024
	a8:15:4d:34:18:5e -54 2301 1584 2.5 104024
	14:d6:4d:c9:e3:52 -61 2001 524 2.5 104024
	08:10:77:39:41:33 -71 3062 254 3.7 104024
------------------------------------------------------------
status: 105024
	14:e6:e4:58:96:48 -83 1350 2570 3.404 105024
	a8:15:4d:34:18:5e -55 2301 1584 2.5 105024
	14:d6:4d:c9:e3:52 -55 2001 524 2.5 105024
	08:10:77:39:41:33 -80 3062 254 3.7 105024
------------------------------------------------------------
status: 106023
	14:e6:e4:58:96:48 -84 1350 2570 3.404 106023
	a8:15:4d:34:18:5e -57 2301 1584 2.5 106023
	14:d6:4d:c9:e3:52 -50 2001 524 2.5 106023
	08:10:77:39:41:33 -72 3062 254 3.7 106024
------------------------------------------------------------
status: 107024
	14:e6:e4:58:96:48 -79 1350 2570 3.404 107024
	a8:15:4d:34:18:5e -55 2301 1584 2.5 107025
	14:d6:4d:c9:e3:52 -50 2001 524 2.5 107025
	08:10:77:39:41:33 -70 3062 254 3.7 107025
------------------------------------------------------------
status: 108025
	14:e6:e4:58:96:48 -79 1350 2570 3.404 108025
	a8:15:4d:34:18:5e -60 2301 1584 2.5 108025
	14:d6:4d:c9:e3:52 -50 2001 524 2.5 108025
	08:10:77:39:41:33 -64 3062 254 3.7 108025
------------------------------------------------------------
status: 109025
	14:e6:e4:58:96:48 -79 1350 2570 3.404 109025
	a8:15:4d:34:18:5e -50 2301 1584 2.5 109025
	14:d6:4d:c9:e3:52 -52 2001 524 2.5 109025
	08:10:77:39:41:33 -73 3062 254 3.7 109025
------------------------------------------------------------
status: 110026
	14:e6:e4:58:96:48 -79 1350 2570 3.404 110026
	a8:15:4d:34:18:5e -57 2301 1584 2.5 110026
	14:d6:4d:c9:e3:52 -62 2001 524 2.5 110026
	08:10:77:39:41:33 -71 3062 254 3.7 110026
------------------------------------------------------------
status: 111026
	14:e6:e4:58:96:48 -86 1350 2570 3.404 111026
	a8:15:4d:34:18:5e -57 2301 1584 2.5 111026
	14:d6:4d:c9:e3:52 -61 2001 524 2.5 111026
	08:10:77:39:41:33 -68 3062 254 3.7 111026
------------------------------------------------------------
status: 112026
	14:e6:e4:58:96:48 -81 1350 2570 3.404 112026
	a8:15:4d:34:18:5e -60 2301 1584 2.5 112026
	14:d6:4d:c9:e3:52 -74 2001 524 2.5 112026
	08:10:77:39:41:33 -63 3062 254 3.7 112026
------------------------------------------------------------
status: 113027
	14:e6:e4:58:96:48 -82 1350 2570 3.404 113027
	a8:15:4d:34:18:5e -59 2301 1584 2.5 113027
	14:d6:4d:c9:e3:52 -72 2001 524 2.5 113027
	08:10:77:39:41:33 -57 3062 254 3.7 113027
------------------------------------------------------------
status: 114025
	14:e6:e4:58:96:48 -86 1350 2570 3.404 114025
	a8:15:4d:34:18:5e -50 2301 1584 2.5 114025
	14:d6:4d:c9:e3:52 -71 2001 524 2.5 114025
	08:10:77:39:41:33 -64 3062 254 3.7 114025
------------------------------------------------------------
status: 115032
	14:e6:e4:58:96:48 -83 1350 2570 3.404 115032
	a8:15:4d:34:18:5e -58 2301 1584 2.5 115032
	14:d6:4d:c9:e3:52 -72 2001 524 2.5 115032
	08:10:77:39:41:33 -68 3062 254 3.7 115032
------------------------------------------------------------
status: 116027
	14:e6:e4:58:96:48 -82 1350 2570 3.404 116027
	a8:15:4d:34:18:5e -49 2301 1584 2.5 116027
	14:d6:4d:c9:e3:52 -75 2001 524 2.5 116027
	08:10:77:39:41:33 -72 3062 254 3.7 116028
------------------------------------------------------------
status: 117029
	14:e6:e4:58:96:48 -80 1350 2570 3.404 117029
	a8:15:4d:34:18:5e -43 2301 1584 2.5 117029
	14:d6:4d:c9:e3:52 -81 2001 524 2.5 117029
	08:10:77:39:41:33 -74 3062 254 3.7 117029
------------------------------------------------------------
status: 118026
	14:e6:e4:58:96:48 -75 1350 2570 3.404 118026
	a8:15:4d:34:18:5e -44 2301 1584 2.5 118026
	14:d6:4d:c9:e3:52 -77 2001 524 2.5 118027
	08:10:77:39:41:33 -64 3062 254 3.7 118027
	14:e6:e4:4e:19:ce -83 1580 3050 3.627 118027
	08:10:73:0a:c2:34 -91 1565 3632 3 118027
------------------------------------------------------------
status: 119027
	14:e6:e4:58:96:48 -75 1350 2570 3.404 119027
	a8:15:4d:34:18:5e -33 2301 1584 2.5 119027
	14:d6:4d:c9:e3:52 -75 2001 524 2.5 119027
	08:10:77:39:41:33 -73 3062 254 3.7 119027
	14:e6:e4:4e:19:ce -83 1580 3050 3.627 119028
	08:10:73:0a:c2:34 -91 1565 3632 3 119028
------------------------------------------------------------
status: 120027
	14:e6:e4:58:96:48 -83 1350 2570 3.404 120027
	a8:15:4d:34:18:5e -25 2301 1584 2.5 120027
	14:d6:4d:c9:e3:52 -71 2001 524 2.5 120027
	08:10:77:39:41:33 -73 3062 254 3.7 120028
	14:e6:e4:4e:19:ce -83 1580 3050 3.627 120028
	08:10:73:0a:c2:34 -91 1565 3632 3 120028
------------------------------------------------------------
status: 121027
	14:e6:e4:58:96:48 -71 1350 2570 3.404 121027
	a8:15:4d:34:18:5e -43 2301 1584 2.5 121027
	14:d6:4d:c9:e3:52 -71 2001 524 2.5 121027
	08:10:77:39:41:33 -69 3062 254 3.7 121028
	14:e6:e4:4e:19:ce -78 1580 3050 3.627 121028
	08:10:73:0a:c2:34 -91 1565 3632 3 121028
------------------------------------------------------------
status: 122027
	14:e6:e4:58:96:48 -72 1350 2570 3.404 122027
	a8:15:4d:34:18:5e -50 2301 1584 2.5 122027
	14:d6:4d:c9:e3:52 -70 2001 524 2.5 122027
	08:10:77:39:41:33 -67 3062 254 3.7 122027
	14:e6:e4:4e:19:ce -78 1580 3050 3.627 122027
	08:10:73:0a:c2:34 -91 1565 3632 3 122027
------------------------------------------------------------
status: 123028
	14:e6:e4:58:96:48 -73 1350 2570 3.404 123028
	a8:15:4d:34:18:5e -51 2301 1584 2.5 123028
	14:d6:4d:c9:e3:52 -68 2001 524 2.5 123028
	08:10:77:39:41:33 -74 3062 254 3.7 123028
	14:e6:e4:4e:19:ce -85 1580 3050 3.627 123028
	08:10:73:0a:c2:34 -91 1565 3632 3 123028
------------------------------------------------------------
status: 124026
	14:e6:e4:58:96:48 -85 1350 2570 3.404 124026
	a8:15:4d:34:18:5e -55 2301 1584 2.5 124026
	14:d6:4d:c9:e3:52 -66 2001 524 2.5 124026
	08:10:77:39:41:33 -73 3062 254 3.7 124027
	14:e6:e4:4e:19:ce -85 1580 3050 3.627 124027
	08:10:73:0a:c2:34 -91 1565 3632 3 124027
------------------------------------------------------------
status: 125026
	14:e6:e4:58:96:48 -80 1350 2570 3.404 125026
	a8:15:4d:34:18:5e -52 2301 1584 2.5 125026
	14:d6:4d:c9:e3:52 -65 2001 524 2.5 125026
	08:10:77:39:41:33 -74 3062 254 3.7 125026
	14:e6:e4:4e:19:ce -85 1580 3050 3.627 125026
	08:10:73:0a:c2:34 -91 1565 3632 3 125026
------------------------------------------------------------
status: 126025
	14:e6:e4:58:96:48 -70 1350 2570 3.404 126025
	a8:15:4d:34:18:5e -55 2301 1584 2.5 126025
	14:d6:4d:c9:e3:52 -68 2001 524 2.5 126025
	08:10:77:39:41:33 -75 3062 254 3.7 126025
	14:e6:e4:4e:19:ce -85 1580 3050 3.627 126025
------------------------------------------------------------
status: 127025
	14:e6:e4:58:96:48 -77 1350 2570 3.404 127025
	a8:15:4d:34:18:5e -57 2301 1584 2.5 127025
	14:d6:4d:c9:e3:52 -76 2001 524 2.5 127025
	08:10:77:39:41:33 -80 3062 254 3.7 127025
	14:e6:e4:4e:19:ce -85 1580 3050 3.627 127025
------------------------------------------------------------
status: 128026
	14:e6:e4:58:96:48 -66 1350 2570 3.404 128026
	a8:15:4d:34:18:5e -61 2301 1584 2.5 128026
	14:d6:4d:c9:e3:52 -71 2001 524 2.5 128026
	08:10:77:39:41:33 -75 3062 254 3.7 128026
------------------------------------------------------------
status: 129025
	14:e6:e4:58:96:48 -66 1350 2570 3.404 129025
	a8:15:4d:34:18:5e -70 2301 1584 2.5 129025
	14:d6:4d:c9:e3:52 -71 2001 524 2.5 129025
	08:10:77:39:41:33 -79 3062 254 3.7 129025
------------------------------------------------------------
status: 130027
	14:e6:e4:58:96:48 -72 1350 2570 3.404 130027
	a8:15:4d:34:18:5e -67 2301 1584 2.5 130027
	14:d6:4d:c9:e3:52 -72 2001 524 2.5 130027
	08:10:77:39:41:33 -77 3062 254 3.7 130027
------------------------------------------------------------
status: 131027
	14:e6:e4:58:96:48 -74 1350 2570 3.404 131027
	a8:15:4d:34:18:5e -68 2301 1584 2.5 131027
	14:d6:4d:c9:e3:52 -80 2001 524 2.5 131027
	08:10:77:39:41:33 -83 3062 254 3.7 131027
------------------------------------------------------------
status: 132028
	14:e6:e4:58:96:48 -85 1350 2570 3.404 132028
	a8:15:4d:34:18:5e -74 2301 1584 2.5 132028
	14:d6:4d:c9:e3:52 -83 2001 524 2.5 132028
	08:10:77:39:41:33 -83 3062 254 3.7 132028
------------------------------------------------------------
status: 133033
	14:e6:e4:58:96:48 -85 1350 2570 3.404 133033
	a8:15:4d:34:18:5e -61 2301 1584 2.5 133033
	14:d6:4d:c9:e3:52 -79 2001 524 2.5 133033
	08:10:77:39:41:33 -80 3062 254 3.7 133033
	ec:88:8f:aa:2c:ca -87 27 5142 4.734 133033
	bc:d1:77:70:bc:d0 -83 627 3203 2.5 133033
------------------------------------------------------------
status: 134027
	14:e6:e4:58:96:48 -55 1350 2570 3.404 134027
	a8:15:4d:34:18:5e -69 2301 1584 2.5 134027
	14:d6:4d:c9:e3:52 -79 2001 524 2.5 134027
	08:10:77:39:41:33 -80 3062 254 3.7 134027
	ec:88:8f:aa:2c:ca -87 27 5142 4.734 134027
	bc:d1:77:70:bc:d0 -86 627 3203 2.5 134027
	14:e6:e4:4e:19:ce -77 1580 3050 3.627 134027
------------------------------------------------------------
status: 135027
	14:e6:e4:58:96:48 -64 1350 2570 3.404 135027
	a8:15:4d:34:18:5e -73 2301 1584 2.5 135027
	14:d6:4d:c9:e3:52 -79 2001 524 2.5 135027
	08:10:77:39:41:33 -80 3062 254 3.7 135027
	ec:88:8f:aa:2c:ca -87 27 5142 4.734 135028
	bc:d1:77:70:bc:d0 -84 627 3203 2.5 135028
	14:e6:e4:4e:19:ce -77 1580 3050 3.627 135028
	08:10:73:0a:c2:34 -90 1565 3632 3 135028
------------------------------------------------------------
status: 136029
	14:e6:e4:58:96:48 -58 1350 2570 3.404 136029
	a8:15:4d:34:18:5e -85 2301 1584 2.5 136029
	14:d6:4d:c9:e3:52 -79 2001 524 2.5 136029
	08:10:77:39:41:33 -80 3062 254 3.7 136029
	ec:88:8f:aa:2c:ca -93 27 5142 4.734 136029
	bc:d1:77:70:bc:d0 -84 627 3203 2.5 136029
	14:e6:e4:4e:19:ce -81 1580 3050 3.627 136029
	08:10:73:0a:c2:34 -90 1565 3632 3 136029
------------------------------------------------------------
status: 137027
	14:e6:e4:58:96:48 -61 1350 2570 3.404 137027
	a8:15:4d:34:18:5e -83 2301 1584 2.5 137027
	14:d6:4d:c9:e3:52 -87 2001 524 2.5 137027
	08:10:77:39:41:33 -80 3062 254 3.7 137027
	ec:88:8f:aa:2c:ca -93 27 5142 4.734 137027
	bc:d1:77:70:bc:d0 -84 627 3203 2.5 137027
	14:e6:e4:4e:19:ce -81 1580 3050 3.627 137027
	08:10:73:0a:c2:34 -90 1565 3632 3 137027
------------------------------------------------------------
status: 138028
	14:e6:e4:58:96:48 -62 1350 2570 3.404 138028
	a8:15:4d:34:18:5e -70 2301 1584 2.5 138028
	14:d6:4d:c9:e3:52 -84 2001 524 2.5 138028
	ec:88:8f:aa:2c:ca -93 27 5142 4.734 138028
	bc:d1:77:70:bc:d0 -84 627 3203 2.5 138028
	14:e6:e4:4e:19:ce -81 1580 3050 3.627 138028
	08:10:73:0a:c2:34 -90 1565 3632 3 138029
------------------------------------------------------------
status: 139028
	14:e6:e4:58:96:48 -64 1350 2570 3.404 139028
	a8:15:4d:34:18:5e -78 2301 1584 2.5 139028
	14:d6:4d:c9:e3:52 -85 2001 524 2.5 139028
	ec:88:8f:aa:2c:ca -93 27 5142 4.734 139028
	bc:d1:77:70:bc:d0 -84 627 3203 2.5 139028
	14:e6:e4:4e:19:ce -85 1580 3050 3.627 139028
	08:10:73:0a:c2:34 -90 1565 3632 3 139028
	08:10:77:39:41:33 -85 3062 254 3.7 139028
------------------------------------------------------------
status: 140028
	14:e6:e4:58:96:48 -60 1350 2570 3.404 140028
	a8:15:4d:34:18:5e -75 2301 1584 2.5 140028
	14:d6:4d:c9:e3:52 -84 2001 524 2.5 140028
	ec:88:8f:aa:2c:ca -93 27 5142 4.734 140028
	bc:d1:77:70:bc:d0 -84 627 3203 2.5 140028
	14:e6:e4:4e:19:ce -85 1580 3050 3.627 140028
	08:10:77:39:41:33 -86 3062 254 3.7 140028
------------------------------------------------------------
status: 141027
	14:e6:e4:58:96:48 -57 1350 2570 3.404 141027
	a8:15:4d:34:18:5e -77 2301 1584 2.5 141027
	14:d6:4d:c9:e3:52 -83 2001 524 2.5 141027
	14:e6:e4:4e:19:ce -85 1580 3050 3.627 141027
	08:10:77:39:41:33 -87 3062 254 3.7 141027
------------------------------------------------------------
status: 142027
	14:e6:e4:58:96:48 -58 1350 2570 3.404 142027
	a8:15:4d:34:18:5e -79 2301 1584 2.5 142027
	14:d6:4d:c9:e3:52 -82 2001 524 2.5 142027
	14:e6:e4:4e:19:ce -79 1580 3050 3.627 142027
	08:10:77:39:41:33 -88 3062 254 3.7 142027
------------------------------------------------------------
status: 143026
	14:e6:e4:58:96:48 -51 1350 2570 3.404 143026
	a8:15:4d:34:18:5e -76 2301 1584 2.5 143026
	14:d6:4d:c9:e3:52 -82 2001 524 2.5 143026
	14:e6:e4:4e:19:ce -79 1580 3050 3.627 143026
	08:10:77:39:41:33 -88 3062 254 3.7 143026
------------------------------------------------------------
status: 144031
	14:e6:e4:58:96:48 -42 1350 2570 3.404 144031
	a8:15:4d:34:18:5e -74 2301 1584 2.5 144031
	14:d6:4d:c9:e3:52 -87 2001 524 2.5 144031
	14:e6:e4:4e:19:ce -84 1580 3050 3.627 144031
	08:10:77:39:41:33 -88 3062 254 3.7 144031
------------------------------------------------------------
status: 145030
	14:e6:e4:58:96:48 -42 1350 2570 3.404 145030
	a8:15:4d:34:18:5e -77 2301 1584 2.5 145030
	14:d6:4d:c9:e3:52 -87 2001 524 2.5 145030
	14:e6:e4:4e:19:ce -82 1580 3050 3.627 145030
	08:10:77:39:41:33 -88 3062 254 3.7 145030
------------------------------------------------------------
status: 146031
	14:e6:e4:58:96:48 -39 1350 2570 3.404 146031
	a8:15:4d:34:18:5e -77 2301 1584 2.5 146031
	14:d6:4d:c9:e3:52 -86 2001 524 2.5 146031
	14:e6:e4:4e:19:ce -78 1580 3050 3.627 146031
------------------------------------------------------------
status: 147031
	14:e6:e4:58:96:48 -35 1350 2570 3.404 147031
	a8:15:4d:34:18:5e -80 2301 1584 2.5 147031
	14:d6:4d:c9:e3:52 -86 2001 524 2.5 147031
	14:e6:e4:4e:19:ce -78 1580 3050 3.627 147031
------------------------------------------------------------
Now proceeding 10
------------------------------------------------------------
Now proceeding 1011
------------------------------------------------------------
Now proceeding 2010
------------------------------------------------------------
Now proceeding 3010
------------------------------------------------------------
Now proceeding 4010
------------------------------------------------------------
Now proceeding 5011
------------------------------------------------------------
Now proceeding 6012
------------------------------------------------------------
Now proceeding 7012
------------------------------------------------------------
Now proceeding 8012
------------------------------------------------------------
Now proceeding 9013
------------------------------------------------------------
Now proceeding 10014
------------------------------------------------------------
Now proceeding 11013
------------------------------------------------------------
Now proceeding 12013
------------------------------------------------------------
Now proceeding 13014
------------------------------------------------------------
Now proceeding 14014
------------------------------------------------------------
Now proceeding 15013
------------------------------------------------------------
Now proceeding 16014
------------------------------------------------------------
Now proceeding 17014
------------------------------------------------------------
Now proceeding 18015
------------------------------------------------------------
Now proceeding 19013
------------------------------------------------------------
Now proceeding 20016
------------------------------------------------------------
Now proceeding 21016
------------------------------------------------------------
Now proceeding 22018
------------------------------------------------------------
Now proceeding 23016
------------------------------------------------------------
Now proceeding 24013
------------------------------------------------------------
Now proceeding 25015
------------------------------------------------------------
Now proceeding 26014
------------------------------------------------------------
Now proceeding 27015
------------------------------------------------------------
Now proceeding 28015
------------------------------------------------------------
Now proceeding 29019
------------------------------------------------------------
Now proceeding 30015
------------------------------------------------------------
Now proceeding 31016
------------------------------------------------------------
Now proceeding 32018
------------------------------------------------------------
Now proceeding 33037
------------------------------------------------------------
Now proceeding 34016
------------------------------------------------------------
Now proceeding 35018
------------------------------------------------------------
Now proceeding 36020
------------------------------------------------------------
Now proceeding 37018
------------------------------------------------------------
Now proceeding 38016
------------------------------------------------------------
Now proceeding 39017
------------------------------------------------------------
Now proceeding 40017
------------------------------------------------------------
Now proceeding 41016
------------------------------------------------------------
Now proceeding 42016
------------------------------------------------------------
Now proceeding 43015
------------------------------------------------------------
Now proceeding 44016
------------------------------------------------------------
Now proceeding 45016
------------------------------------------------------------
Now proceeding 46016
------------------------------------------------------------
Now proceeding 47016
------------------------------------------------------------
Now proceeding 48017
------------------------------------------------------------
Now proceeding 49015
------------------------------------------------------------
Now proceeding 50018
------------------------------------------------------------
Now proceeding 51017
------------------------------------------------------------
Now proceeding 52016
------------------------------------------------------------
Now proceeding 53017
------------------------------------------------------------
Now proceeding 54015
------------------------------------------------------------
Now proceeding 55015
------------------------------------------------------------
Now proceeding 56015
------------------------------------------------------------
Now proceeding 57017
------------------------------------------------------------
Now proceeding 58017
------------------------------------------------------------
Now proceeding 59018
------------------------------------------------------------
Now proceeding 60018
------------------------------------------------------------
Now proceeding 61017
------------------------------------------------------------
Now proceeding 62019
------------------------------------------------------------
Now proceeding 63019
------------------------------------------------------------
Now proceeding 64019
------------------------------------------------------------
Now proceeding 65019
------------------------------------------------------------
Now proceeding 66018
------------------------------------------------------------
Now proceeding 67019
------------------------------------------------------------
Now proceeding 68020
------------------------------------------------------------
Now proceeding 69020
------------------------------------------------------------
Now proceeding 70017
------------------------------------------------------------
Now proceeding 71018
------------------------------------------------------------
Now proceeding 72017
------------------------------------------------------------
Now proceeding 73018
------------------------------------------------------------
Now proceeding 74018
------------------------------------------------------------
Now proceeding 75020
------------------------------------------------------------
Now proceeding 76019
------------------------------------------------------------
Now proceeding 77019
------------------------------------------------------------
Now proceeding 78020
------------------------------------------------------------
Now proceeding 79018
------------------------------------------------------------
Now proceeding 80019
------------------------------------------------------------
Now proceeding 81019
------------------------------------------------------------
Now proceeding 82018
------------------------------------------------------------
Now proceeding 83020
------------------------------------------------------------
Now proceeding 84021
------------------------------------------------------------
Now proceeding 85019
------------------------------------------------------------
Now proceeding 86020
------------------------------------------------------------
Now proceeding 87019
------------------------------------------------------------
Now proceeding 88021
------------------------------------------------------------
Now proceeding 89020
------------------------------------------------------------
Now proceeding 90020
------------------------------------------------------------
Now proceeding 91020
------------------------------------------------------------
Now proceeding 92022
------------------------------------------------------------
Now proceeding 93022
------------------------------------------------------------
Now proceeding 94024
------------------------------------------------------------
Now proceeding 95022
------------------------------------------------------------
Now proceeding 96024
------------------------------------------------------------
Now proceeding 97023
------------------------------------------------------------
Now proceeding 98024
------------------------------------------------------------
Now proceeding 99023
------------------------------------------------------------
Now proceeding 100024
------------------------------------------------------------
Now proceeding 101022
------------------------------------------------------------
Now proceeding 102024
------------------------------------------------------------
Now proceeding 103024
------------------------------------------------------------
Now proceeding 104024
------------------------------------------------------------
Now proceeding 105024
------------------------------------------------------------
Now proceeding 106023
------------------------------------------------------------
Now proceeding 107024
------------------------------------------------------------
Now proceeding 108025
------------------------------------------------------------
Now proceeding 109025
------------------------------------------------------------
Now proceeding 110026
------------------------------------------------------------
Now proceeding 111026
------------------------------------------------------------
Now proceeding 112026
------------------------------------------------------------
Now proceeding 113027
------------------------------------------------------------
Now proceeding 114025
------------------------------------------------------------
Now proceeding 115032
------------------------------------------------------------
Now proceeding 116027
------------------------------------------------------------
Now proceeding 117029
------------------------------------------------------------
Now proceeding 118026
------------------------------------------------------------
Now proceeding 119027
------------------------------------------------------------
Now proceeding 120027
------------------------------------------------------------
Now proceeding 121027
------------------------------------------------------------
Now proceeding 122027
------------------------------------------------------------
Now proceeding 123028
------------------------------------------------------------
Now proceeding 124026
------------------------------------------------------------
Now proceeding 125026
------------------------------------------------------------
Now proceeding 126025
------------------------------------------------------------
Now proceeding 127025
------------------------------------------------------------
Now proceeding 128026
------------------------------------------------------------
Now proceeding 129025
------------------------------------------------------------
Now proceeding 130027
------------------------------------------------------------
Now proceeding 131027
------------------------------------------------------------
Now proceeding 132028
------------------------------------------------------------
Now proceeding 133033
------------------------------------------------------------
Now proceeding 134027
------------------------------------------------------------
Now proceeding 135027
------------------------------------------------------------
Now proceeding 136029
------------------------------------------------------------
Now proceeding 137027
------------------------------------------------------------
Now proceeding 138028
------------------------------------------------------------
Now proceeding 139028
------------------------------------------------------------
Now proceeding 140028
------------------------------------------------------------
Now proceeding 141027
------------------------------------------------------------
Now proceeding 142027
------------------------------------------------------------
Now proceeding 143026
------------------------------------------------------------
Now proceeding 144031
------------------------------------------------------------
Now proceeding 145030
------------------------------------------------------------
Now proceeding 146031
------------------------------------------------------------
Now proceeding 147031
map data cleaned
gray data cleaned
