ec:17:2f:8d:31:96 54 6264 -40.5747 3.5053
e0:46:9a:5a:da:af 94 5406 -44.3237 2.86

bc:d1:77:70:bc:d0 1418 1524 -33.871 2.3185
14:e6:e4:4e:19:ce 1580 3050 -35.0950 2.527
14:e6:e4:58:96:48  1350 2560  -34.8355 2.1812

ec:88:8f:23:4f:42 1589 6250 -32.0841 3.96

ec:88:8f:aa:2c:ca 27 5142 -40.1994 4.734
d8:5d:4c:30:30:e2 124 4959 -46.6699 3.5

08:10:77:39:41:33 264 4101 -37.8199 2.0201
1c:af:f7:4b:57:ec 227 1512 -34.6214 3.5
a8:15:4d:34:18:5e 537 710 -38.3687 1.6874 


14:d6:4d:c9:e3:52 672 2267 -43.279 1.2027

08:10:77:67:48:40 1101 5013 -44.1885 3.9

08:10:73:0a:c2:34 1565 3632 -42.3932 2.1
