c0:61:18:e5:f4:42 1589 6250 -32.0841 3.96
ec:17:2f:8d:31:96 54 6264 -40.5747 3.5053
08:10:77:67:48:40 1101 5013 -44.1885 3.9
e0:46:9a:5a:da:af 94 5406 -44.3237 2.86
ec:88:8f:aa:2c:ca 27 5142 -40.1994 4.734
08:10:77:fa:a2:45 124 4959 -46.6699 3.5
08:10:73:0a:c2:34 1565 3632 -42.3932 2.1
78:a1:06:84:15:1e 650 4096 -34.2345 2.122
14:e6:e4:4e:19:ce 1580 3050 -35.0950 2.527
1c:af:f7:4b:57:ec 227 1512 -34.6214 3.5
14:e6:e4:58:96:48 1350 2560  -34.8355 2.1
a8:15:4d:34:18:5e 1418 1524 -33.871 2.3185



