a8:15:4d:34:18:5e 2412 -70 24
0c:72:2c:24:2a:ea 2467 -91 24
28:2c:b2:7e:4a:ca 2437 -59 24
14:e6:e4:58:96:48 2412 -51 24
70:f9:6d:2f:cc:81 5805 -89 24
70:f9:6d:2f:cc:80 5805 -92 24
14:e6:e4:4e:19:ce 2437 -85 24
94:0c:6d:43:5a:7c 2472 -91 24
0c:72:2c:a3:17:e0 2412 -85 24
08:10:77:39:41:33 2437 -91 26
1c:af:f7:4b:57:ce 2467 -86 28
70:f9:6d:2f:cc:91 2412 -84 28
14:e6:e4:58:96:48 2412 -42 1019
28:2c:b2:7e:4a:ca 2437 -52 1019
a8:15:4d:34:18:5e 2412 -65 1020
14:e6:e4:4e:19:ce 2437 -83 1020
08:10:77:39:41:33 2437 -85 1020
0c:72:2c:a3:17:e0 2412 -86 1020
94:0c:6d:43:5a:7c 2472 -90 1020
70:f9:6d:2f:cc:90 2412 -78 1020
1c:af:f7:4b:57:ce 2467 -85 1020
0c:72:2c:24:2a:ea 2467 -86 1020
14:e6:e4:58:96:48 2412 -55 2021
28:2c:b2:7e:4a:ca 2437 -48 2021
a8:15:4d:34:18:5e 2412 -65 2021
14:e6:e4:4e:19:ce 2437 -83 2021
08:10:77:39:41:33 2437 -85 2021
0c:72:2c:a3:17:e0 2412 -86 2021
94:0c:6d:43:5a:7c 2472 -85 2021
70:f9:6d:2f:cc:90 2412 -78 2021
1c:af:f7:4b:57:ce 2467 -77 2021
0c:72:2c:24:2a:ea 2467 -77 2021
70:f9:6d:2f:be:e1 5765 -81 2021
70:f9:6d:2f:cc:91 2412 -78 2021
40:18:b1:33:f7:94 2462 -91 2023
28:2c:b2:16:6a:b2 2462 -93 2023
70:f9:6d:2f:be:e0 5765 -81 2023
14:e6:e4:58:96:48 2412 -56 3022
28:2c:b2:7e:4a:ca 2437 -53 3022
a8:15:4d:34:18:5e 2412 -63 3022
14:e6:e4:4e:19:ce 2437 -83 3022
08:10:77:39:41:33 2437 -85 3022
0c:72:2c:a3:17:e0 2412 -86 3022
94:0c:6d:43:5a:7c 2472 -85 3022
70:f9:6d:2f:cc:90 2412 -78 3022
1c:af:f7:4b:57:ce 2467 -83 3022
0c:72:2c:24:2a:ea 2467 -79 3022
70:f9:6d:2f:be:e1 5765 -72 3022
70:f9:6d:2f:cc:91 2412 -78 3023
40:18:b1:33:f7:94 2462 -91 3023
28:2c:b2:16:6a:b2 2462 -93 3023
70:f9:6d:2f:be:e0 5765 -73 3023
70:f9:6d:2f:cc:81 5805 -78 3023
70:f9:6d:2f:cc:80 5805 -79 3023
14:e6:e4:58:96:48 2412 -50 4022
28:2c:b2:7e:4a:ca 2437 -59 4022
a8:15:4d:34:18:5e 2412 -61 4022
14:e6:e4:4e:19:ce 2437 -83 4022
08:10:77:39:41:33 2437 -85 4022
0c:72:2c:a3:17:e0 2412 -86 4022
94:0c:6d:43:5a:7c 2472 -85 4023
70:f9:6d:2f:cc:90 2412 -78 4023
1c:af:f7:4b:57:ce 2467 -80 4023
0c:72:2c:24:2a:ea 2467 -80 4023
70:f9:6d:2f:be:e1 5765 -88 4023
70:f9:6d:2f:cc:91 2412 -78 4023
40:18:b1:33:f7:94 2462 -91 4023
28:2c:b2:16:6a:b2 2462 -90 4023
70:f9:6d:2f:be:e0 5765 -86 4024
70:f9:6d:2f:cc:81 5805 -85 4024
70:f9:6d:2f:cc:80 5805 -86 4024
14:e6:e4:58:96:48 2412 -61 5025
28:2c:b2:7e:4a:ca 2437 -58 5025
a8:15:4d:34:18:5e 2412 -59 5025
14:e6:e4:4e:19:ce 2437 -83 5025
08:10:77:39:41:33 2437 -85 5025
0c:72:2c:a3:17:e0 2412 -86 5025
94:0c:6d:43:5a:7c 2472 -85 5025
70:f9:6d:2f:cc:90 2412 -84 5025
1c:af:f7:4b:57:ce 2467 -78 5025
0c:72:2c:24:2a:ea 2467 -79 5026
70:f9:6d:2f:be:e1 5765 -83 5026
70:f9:6d:2f:cc:91 2412 -78 5026
40:18:b1:33:f7:94 2462 -91 5026
28:2c:b2:16:6a:b2 2462 -90 5026
70:f9:6d:2f:be:e0 5765 -83 5026
70:f9:6d:2f:cc:81 5805 -83 5026
70:f9:6d:2f:cc:80 5805 -83 5026
14:e6:e4:58:96:48 2412 -65 6022
28:2c:b2:7e:4a:ca 2437 -67 6023
a8:15:4d:34:18:5e 2412 -52 6023
14:e6:e4:4e:19:ce 2437 -83 6023
08:10:77:39:41:33 2437 -79 6023
94:0c:6d:43:5a:7c 2472 -85 6023
70:f9:6d:2f:cc:90 2412 -84 6023
1c:af:f7:4b:57:ce 2467 -78 6023
0c:72:2c:24:2a:ea 2467 -79 6023
70:f9:6d:2f:be:e1 5765 -79 6023
70:f9:6d:2f:cc:91 2412 -78 6023
40:18:b1:33:f7:94 2462 -91 6023
28:2c:b2:16:6a:b2 2462 -90 6023
70:f9:6d:2f:be:e0 5765 -79 6023
70:f9:6d:2f:cc:81 5805 -84 6023
70:f9:6d:2f:cc:80 5805 -86 6023
70:f9:6d:2f:c5:00 5785 -94 6024
14:e6:e4:58:96:48 2412 -64 7022
28:2c:b2:7e:4a:ca 2437 -67 7022
a8:15:4d:34:18:5e 2412 -46 7022
14:e6:e4:4e:19:ce 2437 -88 7022
08:10:77:39:41:33 2437 -88 7022
70:f9:6d:2f:cc:90 2412 -84 7022
1c:af:f7:4b:57:ce 2467 -86 7022
0c:72:2c:24:2a:ea 2467 -81 7022
70:f9:6d:2f:be:e1 5765 -81 7023
28:2c:b2:16:6a:b2 2462 -91 7023
70:f9:6d:2f:be:e0 5765 -79 7023
70:f9:6d:2f:cc:81 5805 -83 7023
70:f9:6d:2f:cc:80 5805 -84 7023
70:f9:6d:2f:c5:00 5785 -94 7023
70:f9:6d:2f:c5:11 2437 -69 7023
70:f9:6d:2f:be:f0 2412 -69 7023
70:f9:6d:2f:c5:10 2437 -69 7023
14:e6:e4:58:96:48 2412 -67 8022
28:2c:b2:7e:4a:ca 2437 -65 8022
a8:15:4d:34:18:5e 2412 -62 8022
14:e6:e4:4e:19:ce 2437 -88 8022
08:10:77:39:41:33 2437 -83 8022
70:f9:6d:2f:cc:90 2412 -84 8022
1c:af:f7:4b:57:ce 2467 -86 8023
0c:72:2c:24:2a:ea 2467 -83 8023
70:f9:6d:2f:be:e1 5765 -82 8023
28:2c:b2:16:6a:b2 2462 -91 8023
70:f9:6d:2f:be:e0 5765 -83 8023
70:f9:6d:2f:cc:81 5805 -82 8023
70:f9:6d:2f:cc:80 5805 -83 8024
70:f9:6d:2f:c5:00 5785 -86 8024
70:f9:6d:2f:c5:11 2437 -65 8024
70:f9:6d:2f:be:f0 2412 -69 8024
70:f9:6d:2f:c5:10 2437 -66 8024
70:f9:6d:2f:c5:01 5785 -86 8024
14:e6:e4:58:96:48 2412 -59 9022
28:2c:b2:7e:4a:ca 2437 -64 9022
a8:15:4d:34:18:5e 2412 -60 9022
14:e6:e4:4e:19:ce 2437 -88 9022
08:10:77:39:41:33 2437 -83 9022
70:f9:6d:2f:cc:90 2412 -84 9023
1c:af:f7:4b:57:ce 2467 -75 9023
0c:72:2c:24:2a:ea 2467 -90 9023
70:f9:6d:2f:be:e1 5765 -75 9023
28:2c:b2:16:6a:b2 2462 -91 9023
70:f9:6d:2f:be:e0 5765 -76 9023
70:f9:6d:2f:cc:81 5805 -84 9023
70:f9:6d:2f:cc:80 5805 -86 9023
70:f9:6d:2f:c5:00 5785 -84 9023
70:f9:6d:2f:c5:11 2437 -65 9023
70:f9:6d:2f:be:f0 2412 -69 9023
70:f9:6d:2f:c5:10 2437 -66 9023
70:f9:6d:2f:c5:01 5785 -85 9023
94:0c:6d:43:5a:7c 2472 -93 9023
14:e6:e4:58:96:48 2412 -64 10026
28:2c:b2:7e:4a:ca 2437 -62 10026
a8:15:4d:34:18:5e 2412 -71 10026
14:e6:e4:4e:19:ce 2437 -87 10026
08:10:77:39:41:33 2437 -83 10026
70:f9:6d:2f:cc:90 2412 -66 10026
1c:af:f7:4b:57:ce 2467 -77 10026
0c:72:2c:24:2a:ea 2467 -86 10026
70:f9:6d:2f:be:e1 5765 -65 10026
28:2c:b2:16:6a:b2 2462 -91 10026
70:f9:6d:2f:be:e0 5765 -64 10026
70:f9:6d:2f:cc:81 5805 -74 10026
70:f9:6d:2f:cc:80 5805 -73 10026
70:f9:6d:2f:c5:00 5785 -84 10026
70:f9:6d:2f:c5:11 2437 -65 10027
70:f9:6d:2f:be:f0 2412 -69 10027
70:f9:6d:2f:c5:10 2437 -66 10027
70:f9:6d:2f:c5:01 5785 -85 10027
94:0c:6d:43:5a:7c 2472 -93 10027
70:f9:6d:2f:cc:91 2412 -68 10027
70:f9:6d:2d:f7:81 5745 -83 10027
70:f9:6d:2f:c2:81 5805 -88 10027
70:f9:6d:30:77:51 2437 -84 10027
70:f9:6d:2d:f2:a1 5805 -92 10027
40:18:b1:33:f7:94 2462 -92 10027
70:f9:6d:2d:f7:80 5745 -84 10027
70:f9:6d:2f:c2:80 5805 -89 10028
70:f9:6d:2d:f2:a0 5805 -92 10028
14:e6:e4:58:96:48 2412 -69 11025
28:2c:b2:7e:4a:ca 2437 -67 11026
a8:15:4d:34:18:5e 2412 -71 11026
14:e6:e4:4e:19:ce 2437 -87 11026
08:10:77:39:41:33 2437 -83 11026
70:f9:6d:2f:cc:90 2412 -50 11026
1c:af:f7:4b:57:ce 2467 -68 11026
0c:72:2c:24:2a:ea 2467 -85 11026
70:f9:6d:2f:be:e1 5765 -61 11026
28:2c:b2:16:6a:b2 2462 -91 11026
70:f9:6d:2f:be:e0 5765 -61 11026
70:f9:6d:2f:cc:81 5805 -56 11031
70:f9:6d:2f:cc:80 5805 -56 11031
70:f9:6d:2f:c5:00 5785 -84 11031
70:f9:6d:2f:c5:11 2437 -59 11031
70:f9:6d:2f:be:f0 2412 -57 11031
70:f9:6d:2f:c5:10 2437 -59 11031
70:f9:6d:2f:c5:01 5785 -85 11031
94:0c:6d:43:5a:7c 2472 -93 11032
70:f9:6d:2f:cc:91 2412 -51 11032
70:f9:6d:2d:f7:81 5745 -66 11032
70:f9:6d:2f:c2:81 5805 -78 11032
70:f9:6d:30:77:51 2437 -67 11032
70:f9:6d:2d:f2:a1 5805 -74 11032
40:18:b1:33:f7:94 2462 -78 11032
70:f9:6d:2d:f7:80 5745 -67 11032
70:f9:6d:2f:c2:80 5805 -80 11032
70:f9:6d:2d:f2:a0 5805 -74 11032
70:f9:6d:2f:c2:91 2462 -58 11032
70:f9:6d:2f:be:f1 2412 -68 11032
70:f9:6d:2d:b6:51 2412 -70 11032
70:f9:6d:2d:f2:b1 2437 -76 11033
bc:d1:77:70:bc:d0 2412 -81 11033
14:cf:92:8d:39:3e 2437 -86 11033
14:e6:e4:58:96:48 2412 -71 12027
28:2c:b2:7e:4a:ca 2437 -71 12027
a8:15:4d:34:18:5e 2412 -76 12027
14:e6:e4:4e:19:ce 2437 -78 12027
08:10:77:39:41:33 2437 -83 12027
70:f9:6d:2f:cc:90 2412 -50 12027
1c:af:f7:4b:57:ce 2467 -72 12027
0c:72:2c:24:2a:ea 2467 -85 12027
70:f9:6d:2f:be:e1 5765 -62 12028
70:f9:6d:2f:be:e0 5765 -61 12028
70:f9:6d:2f:cc:81 5805 -58 12028
70:f9:6d:2f:cc:80 5805 -58 12028
70:f9:6d:2f:c5:00 5785 -90 12028
70:f9:6d:2f:c5:11 2437 -61 12028
70:f9:6d:2f:be:f0 2412 -59 12028
70:f9:6d:2f:c5:10 2437 -59 12028
70:f9:6d:2f:c5:01 5785 -90 12028
94:0c:6d:43:5a:7c 2472 -93 12028
70:f9:6d:2f:cc:91 2412 -51 12028
70:f9:6d:2d:f7:81 5745 -66 12028
70:f9:6d:2f:c2:81 5805 -73 12028
70:f9:6d:30:77:51 2437 -67 12028
70:f9:6d:2d:f2:a1 5805 -76 12029
40:18:b1:33:f7:94 2462 -80 12029
70:f9:6d:2d:f7:80 5745 -68 12029
70:f9:6d:2f:c2:80 5805 -73 12029
70:f9:6d:2d:f2:a0 5805 -75 12029
70:f9:6d:2f:c2:91 2462 -58 12029
70:f9:6d:2f:be:f1 2412 -48 12029
70:f9:6d:2d:b6:51 2412 -70 12030
70:f9:6d:2d:f2:b1 2437 -76 12031
bc:d1:77:70:bc:d0 2412 -81 12031
14:cf:92:8d:39:3e 2437 -86 12031
08:10:73:0a:c2:34 2427 -87 12031
14:e6:e4:58:96:48 2412 -71 13026
28:2c:b2:7e:4a:ca 2437 -77 13026
a8:15:4d:34:18:5e 2412 -75 13027
14:e6:e4:4e:19:ce 2437 -78 13027
70:f9:6d:2f:cc:90 2412 -50 13027
1c:af:f7:4b:57:ce 2467 -74 13027
0c:72:2c:24:2a:ea 2467 -85 13027
70:f9:6d:2f:be:e1 5765 -75 13027
70:f9:6d:2f:be:e0 5765 -76 13027
70:f9:6d:2f:cc:81 5805 -60 13027
70:f9:6d:2f:cc:80 5805 -59 13027
70:f9:6d:2f:c5:00 5785 -90 13027
70:f9:6d:2f:c5:11 2437 -61 13027
70:f9:6d:2f:be:f0 2412 -59 13027
70:f9:6d:2f:c5:10 2437 -59 13027
70:f9:6d:2f:c5:01 5785 -90 13027
94:0c:6d:43:5a:7c 2472 -92 13027
70:f9:6d:2f:cc:91 2412 -51 13028
70:f9:6d:2d:f7:81 5745 -75 13028
70:f9:6d:2f:c2:81 5805 -78 13028
70:f9:6d:30:77:51 2437 -67 13028
70:f9:6d:2d:f2:a1 5805 -76 13028
40:18:b1:33:f7:94 2462 -84 13028
70:f9:6d:2d:f7:80 5745 -74 13028
70:f9:6d:2f:c2:80 5805 -78 13028
70:f9:6d:2d:f2:a0 5805 -76 13028
70:f9:6d:2f:c2:91 2462 -58 13028
70:f9:6d:2f:be:f1 2412 -48 13028
70:f9:6d:2d:b6:51 2412 -60 13028
70:f9:6d:2d:f2:b1 2437 -76 13028
bc:d1:77:70:bc:d0 2412 -81 13028
14:cf:92:8d:39:3e 2437 -86 13029
08:10:73:0a:c2:34 2427 -87 13029
70:f9:6d:2f:c2:90 2462 -59 13029
14:e6:e4:58:96:48 2412 -76 14029
28:2c:b2:7e:4a:ca 2437 -68 14030
a8:15:4d:34:18:5e 2412 -79 14032
14:e6:e4:4e:19:ce 2437 -85 14032
70:f9:6d:2f:cc:90 2412 -54 14032
1c:af:f7:4b:57:ce 2467 -77 14032
0c:72:2c:24:2a:ea 2467 -85 14032
70:f9:6d:2f:be:e1 5765 -71 14033
70:f9:6d:2f:be:e0 5765 -70 14033
70:f9:6d:2f:cc:81 5805 -57 14033
70:f9:6d:2f:cc:80 5805 -58 14033
70:f9:6d:2f:c5:00 5785 -90 14033
70:f9:6d:2f:c5:11 2437 -61 14033
70:f9:6d:2f:be:f0 2412 -59 14033
70:f9:6d:2f:c5:10 2437 -59 14033
70:f9:6d:2f:c5:01 5785 -90 14033
94:0c:6d:43:5a:7c 2472 -92 14033
70:f9:6d:2f:cc:91 2412 -59 14033
70:f9:6d:2d:f7:81 5745 -72 14033
70:f9:6d:2f:c2:81 5805 -75 14033
70:f9:6d:30:77:51 2437 -67 14033
70:f9:6d:2d:f2:a1 5805 -71 14034
40:18:b1:33:f7:94 2462 -84 14034
70:f9:6d:2d:f7:80 5745 -75 14034
70:f9:6d:2f:c2:80 5805 -76 14037
70:f9:6d:2d:f2:a0 5805 -71 14037
70:f9:6d:2f:c2:91 2462 -58 14037
70:f9:6d:2f:be:f1 2412 -48 14038
70:f9:6d:2d:b6:51 2412 -67 14038
70:f9:6d:2d:f2:b1 2437 -74 14038
bc:d1:77:70:bc:d0 2412 -85 14038
14:cf:92:8d:39:3e 2437 -86 14038
08:10:73:0a:c2:34 2427 -87 14038
70:f9:6d:2f:c2:90 2462 -59 14038
14:e6:e4:58:96:48 2412 -73 15027
28:2c:b2:7e:4a:ca 2437 -69 15028
a8:15:4d:34:18:5e 2412 -76 15028
14:e6:e4:4e:19:ce 2437 -85 15028
70:f9:6d:2f:cc:90 2412 -49 15028
1c:af:f7:4b:57:ce 2467 -75 15028
0c:72:2c:24:2a:ea 2467 -85 15028
70:f9:6d:2f:be:e1 5765 -74 15028
70:f9:6d:2f:be:e0 5765 -74 15028
70:f9:6d:2f:cc:81 5805 -55 15028
70:f9:6d:2f:cc:80 5805 -57 15028
70:f9:6d:2f:c5:00 5785 -90 15028
70:f9:6d:2f:c5:11 2437 -61 15028
70:f9:6d:2f:be:f0 2412 -59 15028
70:f9:6d:2f:c5:10 2437 -59 15028
70:f9:6d:2f:c5:01 5785 -90 15029
94:0c:6d:43:5a:7c 2472 -92 15029
70:f9:6d:2f:cc:91 2412 -49 15029
70:f9:6d:2d:f7:81 5745 -71 15029
70:f9:6d:2f:c2:81 5805 -75 15029
70:f9:6d:30:77:51 2437 -67 15029
70:f9:6d:2d:f2:a1 5805 -77 15029
40:18:b1:33:f7:94 2462 -86 15030
70:f9:6d:2d:f7:80 5745 -72 15030
70:f9:6d:2f:c2:80 5805 -76 15030
70:f9:6d:2d:f2:a0 5805 -78 15030
70:f9:6d:2f:c2:91 2462 -67 15030
70:f9:6d:2f:be:f1 2412 -48 15030
70:f9:6d:2d:b6:51 2412 -61 15030
70:f9:6d:2d:f2:b1 2437 -70 15030
bc:d1:77:70:bc:d0 2412 -85 15030
14:cf:92:8d:39:3e 2437 -86 15031
08:10:73:0a:c2:34 2427 -87 15031
70:f9:6d:2f:c2:90 2462 -67 15031
14:e6:e4:58:96:48 2412 -73 16033
28:2c:b2:7e:4a:ca 2437 -66 16033
a8:15:4d:34:18:5e 2412 -86 16033
14:e6:e4:4e:19:ce 2437 -85 16033
70:f9:6d:2f:cc:90 2412 -49 16033
1c:af:f7:4b:57:ce 2467 -79 16033
0c:72:2c:24:2a:ea 2467 -92 16034
70:f9:6d:2f:be:e1 5765 -76 16034
70:f9:6d:2f:be:e0 5765 -77 16034
70:f9:6d:2f:cc:81 5805 -51 16034
70:f9:6d:2f:cc:80 5805 -53 16034
70:f9:6d:2f:c5:11 2437 -70 16034
70:f9:6d:2f:c5:10 2437 -66 16034
94:0c:6d:43:5a:7c 2472 -92 16034
70:f9:6d:2f:cc:91 2412 -49 16034
70:f9:6d:2d:f7:81 5745 -72 16035
70:f9:6d:2f:c2:81 5805 -76 16035
70:f9:6d:2d:f2:a1 5805 -77 16035
40:18:b1:33:f7:94 2462 -81 16035
70:f9:6d:2d:f7:80 5745 -74 16035
70:f9:6d:2f:c2:80 5805 -75 16035
70:f9:6d:2d:f2:a0 5805 -78 16035
70:f9:6d:2f:c2:91 2462 -69 16035
70:f9:6d:2d:b6:51 2412 -61 16035
70:f9:6d:2d:f2:b1 2437 -70 16035
bc:d1:77:70:bc:d0 2412 -85 16036
08:10:73:0a:c2:34 2427 -95 16036
70:f9:6d:2f:c2:90 2462 -69 16036
70:f9:6d:2d:f2:b0 2437 -70 16036
70:f9:6d:2d:b6:50 2412 -69 16036
70:f9:6d:30:10:10 2462 -81 16036
70:f9:6d:2d:f4:31 2462 -69 16036
70:f9:6d:2d:f4:30 2462 -78 16036
40:18:b1:33:ea:94 2412 -92 16037
08:10:77:fa:a2:45 2437 -86 16037
14:e6:e4:58:96:48 2412 -68 17028
28:2c:b2:7e:4a:ca 2437 -72 17028
a8:15:4d:34:18:5e 2412 -86 17028
14:e6:e4:4e:19:ce 2437 -76 17028
70:f9:6d:2f:cc:90 2412 -49 17028
1c:af:f7:4b:57:ce 2467 -80 17028
0c:72:2c:24:2a:ea 2467 -92 17028
70:f9:6d:2f:be:e1 5765 -72 17028
70:f9:6d:2f:be:e0 5765 -72 17028
70:f9:6d:2f:cc:81 5805 -53 17029
70:f9:6d:2f:cc:80 5805 -52 17029
70:f9:6d:2f:c5:11 2437 -70 17029
70:f9:6d:2f:c5:10 2437 -66 17029
94:0c:6d:43:5a:7c 2472 -92 17029
70:f9:6d:2f:cc:91 2412 -49 17029
70:f9:6d:2d:f7:81 5745 -68 17029
70:f9:6d:2f:c2:81 5805 -72 17029
70:f9:6d:2d:f2:a1 5805 -80 17029
40:18:b1:33:f7:94 2462 -85 17037
70:f9:6d:2d:f7:80 5745 -68 17037
70:f9:6d:2f:c2:80 5805 -72 17037
70:f9:6d:2d:f2:a0 5805 -79 17037
70:f9:6d:2f:c2:91 2462 -69 17038
70:f9:6d:2d:b6:51 2412 -61 17038
70:f9:6d:2d:f2:b1 2437 -70 17038
bc:d1:77:70:bc:d0 2412 -85 17038
08:10:73:0a:c2:34 2427 -88 17038
70:f9:6d:2f:c2:90 2462 -69 17038
70:f9:6d:2d:f2:b0 2437 -70 17038
70:f9:6d:2d:b6:50 2412 -69 17038
70:f9:6d:30:10:10 2462 -81 17038
70:f9:6d:2d:f4:31 2462 -71 17038
70:f9:6d:2d:f4:30 2462 -71 17039
40:18:b1:33:ea:94 2412 -92 17039
08:10:77:fa:a2:45 2437 -86 17039
14:e6:e4:58:96:48 2412 -73 18029
28:2c:b2:7e:4a:ca 2437 -67 18029
a8:15:4d:34:18:5e 2412 -84 18029
14:e6:e4:4e:19:ce 2437 -83 18029
70:f9:6d:2f:cc:90 2412 -49 18029
1c:af:f7:4b:57:ce 2467 -91 18029
0c:72:2c:24:2a:ea 2467 -92 18029
70:f9:6d:2f:be:e1 5765 -82 18029
70:f9:6d:2f:be:e0 5765 -83 18029
70:f9:6d:2f:cc:81 5805 -54 18029
70:f9:6d:2f:cc:80 5805 -55 18030
70:f9:6d:2f:c5:11 2437 -70 18030
70:f9:6d:2f:c5:10 2437 -66 18030
70:f9:6d:2f:cc:91 2412 -49 18030
70:f9:6d:2d:f7:81 5745 -77 18030
70:f9:6d:2f:c2:81 5805 -70 18030
70:f9:6d:2d:f2:a1 5805 -76 18030
40:18:b1:33:f7:94 2462 -75 18030
70:f9:6d:2d:f7:80 5745 -71 18030
70:f9:6d:2f:c2:80 5805 -70 18030
70:f9:6d:2d:f2:a0 5805 -76 18030
70:f9:6d:2f:c2:91 2462 -69 18030
70:f9:6d:2d:b6:51 2412 -61 18030
70:f9:6d:2d:f2:b1 2437 -70 18030
bc:d1:77:70:bc:d0 2412 -78 18031
08:10:73:0a:c2:34 2427 -88 18031
70:f9:6d:2f:c2:90 2462 -69 18031
70:f9:6d:2d:f2:b0 2437 -70 18031
70:f9:6d:2d:b6:50 2412 -69 18031
70:f9:6d:30:10:10 2462 -81 18031
70:f9:6d:2d:f4:31 2462 -71 18031
70:f9:6d:2d:f4:30 2462 -71 18031
70:f9:6d:2d:f7:91 2412 -71 18031
70:f9:6d:30:10:11 2462 -81 18031
70:f9:6d:2d:f7:90 2412 -61 18032
14:e6:e4:58:96:48 2412 -75 19038
28:2c:b2:7e:4a:ca 2437 -70 19038
a8:15:4d:34:18:5e 2412 -84 19038
14:e6:e4:4e:19:ce 2437 -71 19038
70:f9:6d:2f:cc:90 2412 -41 19038
1c:af:f7:4b:57:ce 2467 -84 19038
0c:72:2c:24:2a:ea 2467 -92 19038
70:f9:6d:2f:be:e1 5765 -81 19038
70:f9:6d:2f:be:e0 5765 -84 19038
70:f9:6d:2f:cc:81 5805 -54 19039
70:f9:6d:2f:cc:80 5805 -54 19039
70:f9:6d:2f:c5:11 2437 -70 19039
70:f9:6d:2f:c5:10 2437 -66 19039
70:f9:6d:2f:cc:91 2412 -42 19039
70:f9:6d:2d:f7:81 5745 -73 19039
70:f9:6d:2f:c2:81 5805 -67 19039
70:f9:6d:2d:f2:a1 5805 -74 19039
40:18:b1:33:f7:94 2462 -87 19039
70:f9:6d:2d:f7:80 5745 -70 19039
70:f9:6d:2f:c2:80 5805 -69 19039
70:f9:6d:2d:f2:a0 5805 -76 19039
70:f9:6d:2f:c2:91 2462 -69 19040
70:f9:6d:2d:b6:51 2412 -59 19040
70:f9:6d:2d:f2:b1 2437 -65 19040
bc:d1:77:70:bc:d0 2412 -84 19040
08:10:73:0a:c2:34 2427 -88 19040
70:f9:6d:2f:c2:90 2462 -69 19040
70:f9:6d:2d:f2:b0 2437 -64 19040
70:f9:6d:2d:b6:50 2412 -60 19040
70:f9:6d:30:10:10 2462 -81 19040
70:f9:6d:2d:f4:31 2462 -71 19040
70:f9:6d:2d:f4:30 2462 -71 19041
70:f9:6d:2d:f7:91 2412 -71 19041
70:f9:6d:30:10:11 2462 -81 19041
70:f9:6d:2d:f7:90 2412 -61 19041
14:e6:e4:58:96:48 2412 -82 20035
28:2c:b2:7e:4a:ca 2437 -74 20035
a8:15:4d:34:18:5e 2412 -84 20036
14:e6:e4:4e:19:ce 2437 -71 20036
70:f9:6d:2f:cc:90 2412 -41 20036
1c:af:f7:4b:57:ce 2467 -88 20036
0c:72:2c:24:2a:ea 2467 -92 20037
70:f9:6d:2f:be:e1 5765 -77 20039
70:f9:6d:2f:be:e0 5765 -78 20039
70:f9:6d:2f:cc:81 5805 -56 20040
70:f9:6d:2f:cc:80 5805 -56 20040
70:f9:6d:2f:c5:11 2437 -70 20040
70:f9:6d:2f:c5:10 2437 -66 20040
70:f9:6d:2f:cc:91 2412 -42 20044
70:f9:6d:2d:f7:81 5745 -73 20044
70:f9:6d:2f:c2:81 5805 -69 20045
70:f9:6d:2d:f2:a1 5805 -76 20045
40:18:b1:33:f7:94 2462 -83 20045
70:f9:6d:2d:f7:80 5745 -73 20045
70:f9:6d:2f:c2:80 5805 -69 20045
70:f9:6d:2d:f2:a0 5805 -76 20045
70:f9:6d:2f:c2:91 2462 -58 20049
70:f9:6d:2d:b6:51 2412 -54 20050
70:f9:6d:2d:f2:b1 2437 -65 20050
bc:d1:77:70:bc:d0 2412 -74 20050
08:10:73:0a:c2:34 2427 -80 20050
70:f9:6d:2f:c2:90 2462 -62 20050
70:f9:6d:2d:f2:b0 2437 -64 20050
70:f9:6d:2d:b6:50 2412 -55 20050
70:f9:6d:30:10:10 2462 -81 20050
70:f9:6d:2d:f4:31 2462 -73 20050
70:f9:6d:2d:f4:30 2462 -70 20051
70:f9:6d:2d:f7:91 2412 -71 20051
70:f9:6d:30:10:11 2462 -81 20051
70:f9:6d:2d:f7:90 2412 -61 20051
14:e6:e4:58:96:48 2412 -78 21033
28:2c:b2:7e:4a:ca 2437 -79 21033
a8:15:4d:34:18:5e 2412 -84 21033
14:e6:e4:4e:19:ce 2437 -67 21033
70:f9:6d:2f:cc:90 2412 -41 21033
1c:af:f7:4b:57:ce 2467 -88 21033
70:f9:6d:2f:be:e1 5765 -83 21033
70:f9:6d:2f:be:e0 5765 -85 21034
70:f9:6d:2f:cc:81 5805 -62 21034
70:f9:6d:2f:cc:80 5805 -64 21034
70:f9:6d:2f:c5:11 2437 -82 21034
70:f9:6d:2f:c5:10 2437 -71 21034
70:f9:6d:2f:cc:91 2412 -42 21034
70:f9:6d:2d:f7:81 5745 -65 21034
70:f9:6d:2f:c2:81 5805 -66 21034
70:f9:6d:2d:f2:a1 5805 -72 21034
40:18:b1:33:f7:94 2462 -84 21034
70:f9:6d:2d:f7:80 5745 -65 21034
70:f9:6d:2f:c2:80 5805 -67 21034
70:f9:6d:2d:f2:a0 5805 -72 21034
70:f9:6d:2f:c2:91 2462 -58 21034
70:f9:6d:2d:b6:51 2412 -54 21035
70:f9:6d:2d:f2:b1 2437 -65 21035
bc:d1:77:70:bc:d0 2412 -69 21035
08:10:73:0a:c2:34 2427 -83 21035
70:f9:6d:2f:c2:90 2462 -54 21035
70:f9:6d:2d:f2:b0 2437 -64 21035
70:f9:6d:2d:b6:50 2412 -55 21035
70:f9:6d:2d:f4:31 2462 -62 21035
70:f9:6d:2d:f4:30 2462 -61 21035
70:f9:6d:2d:f7:91 2412 -71 21035
70:f9:6d:2d:f7:90 2412 -61 21035
0c:72:2c:a3:17:e0 2412 -88 21035
08:10:77:67:48:40 2437 -78 21036
14:e6:e4:58:96:48 2412 -78 22034
28:2c:b2:7e:4a:ca 2437 -83 22034
14:e6:e4:4e:19:ce 2437 -64 22034
70:f9:6d:2f:cc:90 2412 -41 22034
1c:af:f7:4b:57:ce 2467 -88 22034
70:f9:6d:2f:be:e1 5765 -81 22035
70:f9:6d:2f:be:e0 5765 -81 22035
70:f9:6d:2f:cc:81 5805 -60 22036
70:f9:6d:2f:cc:80 5805 -61 22036
70:f9:6d:2f:c5:11 2437 -82 22036
70:f9:6d:2f:c5:10 2437 -71 22037
70:f9:6d:2f:cc:91 2412 -42 22037
70:f9:6d:2d:f7:81 5745 -66 22037
70:f9:6d:2f:c2:81 5805 -69 22037
70:f9:6d:2d:f2:a1 5805 -75 22037
40:18:b1:33:f7:94 2462 -88 22037
70:f9:6d:2d:f7:80 5745 -66 22038
70:f9:6d:2f:c2:80 5805 -69 22038
70:f9:6d:2d:f2:a0 5805 -75 22038
70:f9:6d:2f:c2:91 2462 -58 22038
70:f9:6d:2d:b6:51 2412 -54 22038
70:f9:6d:2d:f2:b1 2437 -65 22038
bc:d1:77:70:bc:d0 2412 -65 22038
08:10:73:0a:c2:34 2427 -74 22038
70:f9:6d:2f:c2:90 2462 -54 22039
70:f9:6d:2d:f2:b0 2437 -64 22039
70:f9:6d:2d:b6:50 2412 -55 22039
70:f9:6d:2d:f4:31 2462 -62 22039
70:f9:6d:2d:f4:30 2462 -61 22039
70:f9:6d:2d:f7:91 2412 -53 22039
70:f9:6d:2d:f7:90 2412 -53 22039
0c:72:2c:a3:17:e0 2412 -85 22039
08:10:77:67:48:40 2437 -73 22040
70:f9:6d:2d:b6:41 5805 -88 22041
14:e6:e4:58:96:48 2412 -78 23033
28:2c:b2:7e:4a:ca 2437 -84 23033
14:e6:e4:4e:19:ce 2437 -61 23033
1c:af:f7:4b:57:ce 2467 -88 23033
70:f9:6d:2f:be:e1 5765 -77 23033
70:f9:6d:2f:be:e0 5765 -76 23033
70:f9:6d:2f:cc:81 5805 -73 23034
70:f9:6d:2f:cc:80 5805 -74 23034
70:f9:6d:2f:c5:11 2437 -82 23034
70:f9:6d:2f:c5:10 2437 -71 23034
70:f9:6d:2d:f7:81 5745 -68 23034
70:f9:6d:2f:c2:81 5805 -71 23034
70:f9:6d:2d:f2:a1 5805 -76 23034
40:18:b1:33:f7:94 2462 -88 23034
70:f9:6d:2d:f7:80 5745 -67 23034
70:f9:6d:2f:c2:80 5805 -71 23034
70:f9:6d:2d:f2:a0 5805 -76 23034
70:f9:6d:2f:c2:91 2462 -58 23034
70:f9:6d:2d:b6:51 2412 -54 23034
bc:d1:77:70:bc:d0 2412 -68 23034
08:10:73:0a:c2:34 2427 -86 23035
70:f9:6d:2f:c2:90 2462 -54 23035
70:f9:6d:2d:f2:b0 2437 -66 23035
70:f9:6d:2d:b6:50 2412 -55 23035
70:f9:6d:2d:f4:31 2462 -62 23042
70:f9:6d:2d:f4:30 2462 -61 23042
70:f9:6d:2d:f7:91 2412 -61 23042
70:f9:6d:2d:f7:90 2412 -60 23042
0c:72:2c:a3:17:e0 2412 -85 23042
08:10:77:67:48:40 2437 -72 23042
70:f9:6d:2d:b6:41 5805 -88 23045
c0:61:18:e5:f4:96 2437 -87 23045
70:f9:6d:2d:b6:40 5805 -92 23045
70:f9:6d:2f:be:f1 2412 -73 23045
70:f9:6d:2f:be:f0 2412 -62 23046
14:e6:e4:58:96:48 2412 -78 24027
28:2c:b2:7e:4a:ca 2437 -84 24027
14:e6:e4:4e:19:ce 2437 -63 24027
1c:af:f7:4b:57:ce 2467 -87 24027
70:f9:6d:2f:be:e1 5765 -71 24027
70:f9:6d:2f:be:e0 5765 -71 24027
70:f9:6d:2f:cc:81 5805 -56 24027
70:f9:6d:2f:cc:80 5805 -57 24027
70:f9:6d:2f:c5:11 2437 -82 24027
70:f9:6d:2f:c5:10 2437 -71 24028
70:f9:6d:2d:f7:81 5745 -63 24028
70:f9:6d:2f:c2:81 5805 -69 24028
70:f9:6d:2d:f2:a1 5805 -82 24028
40:18:b1:33:f7:94 2462 -85 24028
70:f9:6d:2d:f7:80 5745 -64 24028
70:f9:6d:2f:c2:80 5805 -67 24028
70:f9:6d:2d:f2:a0 5805 -82 24028
70:f9:6d:2f:c2:91 2462 -56 24028
70:f9:6d:2d:b6:51 2412 -61 24028
bc:d1:77:70:bc:d0 2412 -59 24028
08:10:73:0a:c2:34 2427 -77 24028
70:f9:6d:2f:c2:90 2462 -62 24028
70:f9:6d:2d:f2:b0 2437 -66 24028
70:f9:6d:2d:b6:50 2412 -62 24028
70:f9:6d:2d:f4:31 2462 -62 24028
70:f9:6d:2d:f4:30 2462 -61 24029
70:f9:6d:2d:f7:91 2412 -61 24029
70:f9:6d:2d:f7:90 2412 -60 24029
0c:72:2c:a3:17:e0 2412 -85 24029
08:10:77:67:48:40 2437 -76 24029
70:f9:6d:2d:b6:41 5805 -88 24029
c0:61:18:e5:f4:96 2437 -87 24029
70:f9:6d:2d:b6:40 5805 -92 24029
70:f9:6d:2f:be:f1 2412 -68 24029
70:f9:6d:2f:be:f0 2412 -68 24029
14:e6:e4:58:96:48 2412 -78 25029
28:2c:b2:7e:4a:ca 2437 -81 25029
14:e6:e4:4e:19:ce 2437 -64 25029
1c:af:f7:4b:57:ce 2467 -84 25029
70:f9:6d:2f:be:e1 5765 -67 25029
70:f9:6d:2f:be:e0 5765 -68 25029
70:f9:6d:2f:cc:81 5805 -53 25029
70:f9:6d:2f:cc:80 5805 -50 25029
70:f9:6d:2f:c5:11 2437 -77 25029
70:f9:6d:2f:c5:10 2437 -71 25030
70:f9:6d:2d:f7:81 5745 -66 25030
70:f9:6d:2f:c2:81 5805 -69 25030
70:f9:6d:2d:f2:a1 5805 -76 25030
40:18:b1:33:f7:94 2462 -93 25030
70:f9:6d:2d:f7:80 5745 -65 25030
70:f9:6d:2f:c2:80 5805 -68 25030
70:f9:6d:2d:f2:a0 5805 -82 25030
70:f9:6d:2f:c2:91 2462 -57 25030
70:f9:6d:2d:b6:51 2412 -73 25030
bc:d1:77:70:bc:d0 2412 -65 25030
08:10:73:0a:c2:34 2427 -78 25030
70:f9:6d:2f:c2:90 2462 -56 25030
70:f9:6d:2d:f2:b0 2437 -66 25030
70:f9:6d:2d:b6:50 2412 -73 25030
70:f9:6d:2d:f4:31 2462 -73 25030
70:f9:6d:2d:f4:30 2462 -71 25030
70:f9:6d:2d:f7:91 2412 -61 25031
70:f9:6d:2d:f7:90 2412 -60 25031
0c:72:2c:a3:17:e0 2412 -85 25031
08:10:77:67:48:40 2437 -77 25031
70:f9:6d:2d:b6:41 5805 -88 25031
c0:61:18:e5:f4:96 2437 -87 25031
70:f9:6d:2d:b6:40 5805 -90 25031
70:f9:6d:2f:be:f1 2412 -68 25031
70:f9:6d:2f:be:f0 2412 -68 25031
14:e6:e4:58:96:48 2412 -84 26026
28:2c:b2:7e:4a:ca 2437 -86 26027
14:e6:e4:4e:19:ce 2437 -64 26028
1c:af:f7:4b:57:ce 2467 -80 26028
70:f9:6d:2f:be:e1 5765 -71 26028
70:f9:6d:2f:be:e0 5765 -71 26028
70:f9:6d:2f:cc:81 5805 -58 26028
70:f9:6d:2f:cc:80 5805 -60 26028
70:f9:6d:2f:c5:11 2437 -77 26028
70:f9:6d:2d:f7:81 5745 -72 26029
70:f9:6d:2f:c2:81 5805 -78 26029
70:f9:6d:2d:f2:a1 5805 -79 26029
40:18:b1:33:f7:94 2462 -83 26029
70:f9:6d:2d:f7:80 5745 -73 26029
70:f9:6d:2f:c2:80 5805 -77 26029
70:f9:6d:2d:f2:a0 5805 -79 26029
70:f9:6d:2f:c2:91 2462 -57 26029
70:f9:6d:2d:b6:51 2412 -73 26029
bc:d1:77:70:bc:d0 2412 -69 26029
08:10:73:0a:c2:34 2427 -79 26029
70:f9:6d:2f:c2:90 2462 -56 26029
70:f9:6d:2d:f2:b0 2437 -66 26037
70:f9:6d:2d:b6:50 2412 -73 26037
70:f9:6d:2d:f4:31 2462 -72 26038
70:f9:6d:2d:f4:30 2462 -72 26038
70:f9:6d:2d:f7:91 2412 -61 26038
70:f9:6d:2d:f7:90 2412 -60 26038
0c:72:2c:a3:17:e0 2412 -85 26038
08:10:77:67:48:40 2437 -79 26038
70:f9:6d:2d:b6:41 5805 -88 26038
c0:61:18:e5:f4:96 2437 -87 26038
70:f9:6d:2d:b6:40 5805 -90 26038
70:f9:6d:2f:be:f1 2412 -68 26038
70:f9:6d:2f:be:f0 2412 -68 26038
08:10:77:fa:a2:45 2437 -79 26039
14:e6:e4:58:96:48 2412 -84 27026
28:2c:b2:7e:4a:ca 2437 -86 27026
14:e6:e4:4e:19:ce 2437 -68 27026
1c:af:f7:4b:57:ce 2467 -85 27027
70:f9:6d:2f:be:e1 5765 -73 27027
70:f9:6d:2f:be:e0 5765 -73 27027
70:f9:6d:2f:cc:81 5805 -57 27027
70:f9:6d:2f:cc:80 5805 -57 27027
70:f9:6d:2f:c5:11 2437 -77 27027
70:f9:6d:2d:f7:81 5745 -72 27027
70:f9:6d:2f:c2:81 5805 -76 27027
70:f9:6d:2d:f2:a1 5805 -79 27027
40:18:b1:33:f7:94 2462 -86 27028
70:f9:6d:2d:f7:80 5745 -73 27028
70:f9:6d:2f:c2:80 5805 -76 27028
70:f9:6d:2d:f2:a0 5805 -79 27028
70:f9:6d:2f:c2:91 2462 -57 27028
70:f9:6d:2d:b6:51 2412 -73 27028
bc:d1:77:70:bc:d0 2412 -61 27028
08:10:73:0a:c2:34 2427 -90 27028
70:f9:6d:2f:c2:90 2462 -56 27028
70:f9:6d:2d:f2:b0 2437 -66 27028
70:f9:6d:2d:b6:50 2412 -73 27028
70:f9:6d:2d:f4:31 2462 -72 27028
70:f9:6d:2d:f4:30 2462 -72 27029
70:f9:6d:2d:f7:91 2412 -72 27029
70:f9:6d:2d:f7:90 2412 -70 27029
0c:72:2c:a3:17:e0 2412 -86 27029
08:10:77:67:48:40 2437 -79 27029
70:f9:6d:2d:b6:41 5805 -90 27029
70:f9:6d:2d:b6:40 5805 -92 27029
70:f9:6d:2f:be:f1 2412 -68 27029
70:f9:6d:2f:be:f0 2412 -68 27029
08:10:77:fa:a2:45 2437 -86 27029
70:f9:6d:30:72:10 2412 -75 27029
14:e6:e4:58:96:48 2412 -84 28029
28:2c:b2:7e:4a:ca 2437 -86 28029
14:e6:e4:4e:19:ce 2437 -73 28030
1c:af:f7:4b:57:ce 2467 -86 28030
70:f9:6d:2f:be:e1 5765 -76 28030
70:f9:6d:2f:be:e0 5765 -76 28030
70:f9:6d:2f:cc:81 5805 -58 28030
70:f9:6d:2f:cc:80 5805 -58 28030
70:f9:6d:2f:c5:11 2437 -77 28030
70:f9:6d:2d:f7:81 5745 -74 28030
70:f9:6d:2f:c2:81 5805 -83 28030
70:f9:6d:2d:f2:a1 5805 -84 28030
40:18:b1:33:f7:94 2462 -80 28030
70:f9:6d:2d:f7:80 5745 -76 28030
70:f9:6d:2f:c2:80 5805 -83 28030
70:f9:6d:2d:f2:a0 5805 -79 28031
70:f9:6d:2f:c2:91 2462 -75 28031
70:f9:6d:2d:b6:51 2412 -61 28031
bc:d1:77:70:bc:d0 2412 -62 28031
08:10:73:0a:c2:34 2427 -82 28031
70:f9:6d:2f:c2:90 2462 -69 28031
70:f9:6d:2d:f2:b0 2437 -74 28031
70:f9:6d:2d:b6:50 2412 -62 28031
70:f9:6d:2d:f4:31 2462 -72 28031
70:f9:6d:2d:f4:30 2462 -72 28031
70:f9:6d:2d:f7:91 2412 -72 28031
70:f9:6d:2d:f7:90 2412 -70 28031
0c:72:2c:a3:17:e0 2412 -84 28031
08:10:77:67:48:40 2437 -79 28032
70:f9:6d:2d:b6:41 5805 -80 28032
70:f9:6d:2d:b6:40 5805 -82 28032
70:f9:6d:2f:be:f1 2412 -68 28032
70:f9:6d:2f:be:f0 2412 -68 28032
08:10:77:fa:a2:45 2437 -86 28032
70:f9:6d:30:72:10 2412 -75 28033
14:e6:e4:58:96:48 2412 -79 29026
28:2c:b2:7e:4a:ca 2437 -77 29026
14:e6:e4:4e:19:ce 2437 -71 29027
1c:af:f7:4b:57:ce 2467 -88 29027
70:f9:6d:2f:be:e1 5765 -69 29027
70:f9:6d:2f:be:e0 5765 -71 29027
70:f9:6d:2f:cc:81 5805 -54 29027
70:f9:6d:2f:cc:80 5805 -54 29027
70:f9:6d:2f:c5:11 2437 -66 29027
70:f9:6d:2d:f7:81 5745 -75 29027
70:f9:6d:2f:c2:81 5805 -84 29027
70:f9:6d:2d:f2:a1 5805 -80 29027
40:18:b1:33:f7:94 2462 -80 29027
70:f9:6d:2d:f7:80 5745 -75 29027
70:f9:6d:2f:c2:80 5805 -84 29027
70:f9:6d:2d:f2:a0 5805 -77 29027
70:f9:6d:2f:c2:91 2462 -72 29027
70:f9:6d:2d:b6:51 2412 -56 29027
bc:d1:77:70:bc:d0 2412 -75 29027
08:10:73:0a:c2:34 2427 -77 29027
70:f9:6d:2f:c2:90 2462 -72 29027
70:f9:6d:2d:f2:b0 2437 -74 29028
70:f9:6d:2d:b6:50 2412 -62 29028
70:f9:6d:2d:f4:31 2462 -70 29028
70:f9:6d:2d:f4:30 2462 -70 29029
70:f9:6d:2d:f7:91 2412 -72 29029
70:f9:6d:2d:f7:90 2412 -70 29029
0c:72:2c:a3:17:e0 2412 -83 29029
08:10:77:67:48:40 2437 -79 29029
70:f9:6d:2d:b6:41 5805 -80 29029
70:f9:6d:2d:b6:40 5805 -87 29029
70:f9:6d:2f:be:f1 2412 -68 29029
70:f9:6d:2f:be:f0 2412 -68 29029
08:10:77:fa:a2:45 2437 -86 29033
70:f9:6d:30:10:11 2462 -85 29033
14:e6:e4:58:96:48 2412 -77 30030
28:2c:b2:7e:4a:ca 2437 -72 30030
14:e6:e4:4e:19:ce 2437 -92 30030
1c:af:f7:4b:57:ce 2467 -80 30030
70:f9:6d:2f:be:e1 5765 -71 30030
70:f9:6d:2f:be:e0 5765 -72 30030
70:f9:6d:2f:cc:81 5805 -46 30031
70:f9:6d:2f:cc:80 5805 -47 30031
70:f9:6d:2f:c5:11 2437 -67 30031
70:f9:6d:2d:f7:81 5745 -78 30031
70:f9:6d:2f:c2:81 5805 -81 30031
70:f9:6d:2d:f2:a1 5805 -78 30031
40:18:b1:33:f7:94 2462 -82 30031
70:f9:6d:2d:f7:80 5745 -81 30031
70:f9:6d:2f:c2:80 5805 -81 30031
70:f9:6d:2d:f2:a0 5805 -78 30031
70:f9:6d:2f:c2:91 2462 -72 30031
70:f9:6d:2d:b6:51 2412 -56 30031
bc:d1:77:70:bc:d0 2412 -73 30031
08:10:73:0a:c2:34 2427 -91 30031
70:f9:6d:2f:c2:90 2462 -72 30031
70:f9:6d:2d:f2:b0 2437 -74 30032
70:f9:6d:2d:b6:50 2412 -62 30032
70:f9:6d:2d:f4:31 2462 -72 30032
70:f9:6d:2d:f4:30 2462 -70 30032
70:f9:6d:2d:f7:91 2412 -72 30032
70:f9:6d:2d:f7:90 2412 -70 30032
0c:72:2c:a3:17:e0 2412 -75 30032
08:10:77:67:48:40 2437 -79 30032
70:f9:6d:2d:b6:41 5805 -80 30032
70:f9:6d:2d:b6:40 5805 -87 30032
70:f9:6d:2f:be:f1 2412 -68 30033
70:f9:6d:2f:be:f0 2412 -59 30033
08:10:77:fa:a2:45 2437 -86 30033
70:f9:6d:30:10:11 2462 -85 30033
14:e6:e4:58:96:48 2412 -72 31033
28:2c:b2:7e:4a:ca 2437 -77 31033
14:e6:e4:4e:19:ce 2437 -75 31033
1c:af:f7:4b:57:ce 2467 -77 31033
70:f9:6d:2f:be:e1 5765 -72 31033
70:f9:6d:2f:be:e0 5765 -70 31033
70:f9:6d:2f:cc:81 5805 -61 31033
70:f9:6d:2f:cc:80 5805 -63 31033
70:f9:6d:2f:c5:11 2437 -67 31033
70:f9:6d:2d:f7:81 5745 -81 31033
70:f9:6d:2f:c2:81 5805 -82 31033
70:f9:6d:2d:f2:a1 5805 -84 31033
40:18:b1:33:f7:94 2462 -86 31034
70:f9:6d:2d:f7:80 5745 -81 31034
70:f9:6d:2f:c2:80 5805 -83 31034
70:f9:6d:2d:f2:a0 5805 -82 31034
70:f9:6d:2f:c2:91 2462 -72 31034
70:f9:6d:2d:b6:51 2412 -56 31034
bc:d1:77:70:bc:d0 2412 -80 31034
08:10:73:0a:c2:34 2427 -91 31034
70:f9:6d:2f:c2:90 2462 -72 31034
70:f9:6d:2d:f2:b0 2437 -74 31034
70:f9:6d:2d:b6:50 2412 -62 31034
70:f9:6d:2d:f4:31 2462 -72 31034
70:f9:6d:2d:f4:30 2462 -70 31034
70:f9:6d:2d:f7:91 2412 -72 31034
70:f9:6d:2d:f7:90 2412 -70 31034
0c:72:2c:a3:17:e0 2412 -76 31034
08:10:77:67:48:40 2437 -83 31035
70:f9:6d:2d:b6:41 5805 -91 31035
70:f9:6d:2d:b6:40 5805 -91 31035
70:f9:6d:2f:be:f1 2412 -68 31035
70:f9:6d:2f:be:f0 2412 -59 31052
08:10:77:fa:a2:45 2437 -86 31052
70:f9:6d:30:10:11 2462 -85 31052
14:e6:e4:58:96:48 2412 -67 32026
28:2c:b2:7e:4a:ca 2437 -63 32026
14:e6:e4:4e:19:ce 2437 -86 32026
1c:af:f7:4b:57:ce 2467 -72 32026
70:f9:6d:2f:be:e1 5765 -67 32026
70:f9:6d:2f:be:e0 5765 -69 32027
70:f9:6d:2f:cc:81 5805 -61 32027
70:f9:6d:2f:cc:80 5805 -63 32027
70:f9:6d:2f:c5:11 2437 -67 32027
70:f9:6d:2d:f7:81 5745 -82 32027
70:f9:6d:2f:c2:81 5805 -76 32027
70:f9:6d:2d:f2:a1 5805 -78 32027
40:18:b1:33:f7:94 2462 -78 32027
70:f9:6d:2d:f7:80 5745 -82 32027
70:f9:6d:2f:c2:80 5805 -79 32027
70:f9:6d:2d:f2:a0 5805 -79 32027
70:f9:6d:2f:c2:91 2462 -72 32027
70:f9:6d:2d:b6:51 2412 -73 32027
bc:d1:77:70:bc:d0 2412 -80 32027
08:10:73:0a:c2:34 2427 -91 32027
70:f9:6d:2f:c2:90 2462 -72 32027
70:f9:6d:2d:f2:b0 2437 -74 32027
70:f9:6d:2d:b6:50 2412 -68 32027
70:f9:6d:2d:f4:31 2462 -78 32027
70:f9:6d:2d:f4:30 2462 -79 32027
0c:72:2c:a3:17:e0 2412 -82 32027
08:10:77:67:48:40 2437 -83 32027
70:f9:6d:2d:b6:41 5805 -92 32028
70:f9:6d:2d:b6:40 5805 -91 32028
70:f9:6d:2f:be:f1 2412 -68 32028
70:f9:6d:2f:be:f0 2412 -59 32028
40:18:b1:33:ea:94 2412 -88 32028
70:f9:6d:2f:cc:91 2412 -41 32029
70:f9:6d:2f:cc:90 2412 -44 32029
14:e6:e4:58:96:48 2412 -74 33028
28:2c:b2:7e:4a:ca 2437 -67 33029
14:e6:e4:4e:19:ce 2437 -80 33029
1c:af:f7:4b:57:ce 2467 -74 33029
70:f9:6d:2f:be:e1 5765 -71 33029
70:f9:6d:2f:be:e0 5765 -72 33029
70:f9:6d:2f:cc:81 5805 -61 33029
70:f9:6d:2f:cc:80 5805 -59 33030
70:f9:6d:2f:c5:11 2437 -67 33030
70:f9:6d:2d:f7:81 5745 -71 33030
70:f9:6d:2f:c2:81 5805 -81 33031
70:f9:6d:2d:f2:a1 5805 -81 33031
40:18:b1:33:f7:94 2462 -78 33031
70:f9:6d:2d:f7:80 5745 -72 33031
70:f9:6d:2f:c2:80 5805 -78 33031
70:f9:6d:2d:f2:a0 5805 -79 33031
70:f9:6d:2f:c2:91 2462 -69 33031
70:f9:6d:2d:b6:51 2412 -70 33031
bc:d1:77:70:bc:d0 2412 -85 33031
08:10:73:0a:c2:34 2427 -91 33032
70:f9:6d:2f:c2:90 2462 -74 33032
70:f9:6d:2d:f2:b0 2437 -83 33032
70:f9:6d:2d:b6:50 2412 -71 33032
70:f9:6d:2d:f4:31 2462 -78 33032
70:f9:6d:2d:f4:30 2462 -79 33032
0c:72:2c:a3:17:e0 2412 -82 33032
08:10:77:67:48:40 2437 -83 33032
70:f9:6d:2d:b6:41 5805 -92 33032
70:f9:6d:2d:b6:40 5805 -91 33032
70:f9:6d:2f:be:f1 2412 -63 33032
70:f9:6d:2f:be:f0 2412 -60 33032
70:f9:6d:2f:cc:91 2412 -55 33032
70:f9:6d:2f:cc:90 2412 -47 33032
a8:15:4d:34:18:5e 2412 -83 33032
14:e6:e4:58:96:48 2412 -72 34027
28:2c:b2:7e:4a:ca 2437 -69 34027
14:e6:e4:4e:19:ce 2437 -80 34027
1c:af:f7:4b:57:ce 2467 -74 34027
70:f9:6d:2f:be:e1 5765 -67 34027
70:f9:6d:2f:be:e0 5765 -69 34027
70:f9:6d:2f:cc:81 5805 -64 34027
70:f9:6d:2f:cc:80 5805 -66 34027
70:f9:6d:2f:c5:11 2437 -73 34027
70:f9:6d:2d:f7:81 5745 -75 34027
70:f9:6d:2f:c2:81 5805 -82 34027
70:f9:6d:2d:f2:a1 5805 -77 34027
40:18:b1:33:f7:94 2462 -84 34027
70:f9:6d:2d:f7:80 5745 -75 34027
70:f9:6d:2f:c2:80 5805 -79 34027
70:f9:6d:2d:f2:a0 5805 -78 34027
70:f9:6d:2f:c2:91 2462 -67 34028
70:f9:6d:2d:b6:51 2412 -70 34028
bc:d1:77:70:bc:d0 2412 -85 34028
70:f9:6d:2f:c2:90 2462 -71 34028
70:f9:6d:2d:f2:b0 2437 -83 34028
70:f9:6d:2d:b6:50 2412 -71 34028
70:f9:6d:2d:f4:31 2462 -78 34028
70:f9:6d:2d:f4:30 2462 -75 34028
0c:72:2c:a3:17:e0 2412 -82 34028
08:10:77:67:48:40 2437 -83 34028
70:f9:6d:2d:b6:41 5805 -92 34028
70:f9:6d:2d:b6:40 5805 -91 34028
70:f9:6d:2f:be:f1 2412 -58 34028
70:f9:6d:2f:be:f0 2412 -58 34028
70:f9:6d:2f:cc:91 2412 -55 34028
70:f9:6d:2f:cc:90 2412 -47 34028
a8:15:4d:34:18:5e 2412 -81 34028
70:f9:6d:2d:f2:b1 2437 -75 34028
70:f9:6d:2f:c5:10 2437 -72 34029
14:e6:e4:58:96:48 2412 -76 35028
28:2c:b2:7e:4a:ca 2437 -73 35028
14:e6:e4:4e:19:ce 2437 -80 35028
1c:af:f7:4b:57:ce 2467 -78 35028
70:f9:6d:2f:be:e1 5765 -65 35028
70:f9:6d:2f:be:e0 5765 -63 35028
70:f9:6d:2f:cc:81 5805 -69 35028
70:f9:6d:2f:cc:80 5805 -67 35028
70:f9:6d:2f:c5:11 2437 -73 35028
70:f9:6d:2d:f7:81 5745 -73 35028
70:f9:6d:2f:c2:81 5805 -83 35028
70:f9:6d:2d:f2:a1 5805 -84 35028
40:18:b1:33:f7:94 2462 -91 35028
70:f9:6d:2d:f7:80 5745 -74 35029
70:f9:6d:2f:c2:80 5805 -84 35029
70:f9:6d:2d:f2:a0 5805 -84 35029
70:f9:6d:2f:c2:91 2462 -67 35029
70:f9:6d:2d:b6:51 2412 -70 35029
bc:d1:77:70:bc:d0 2412 -85 35029
70:f9:6d:2f:c2:90 2462 -71 35029
70:f9:6d:2d:f2:b0 2437 -83 35029
70:f9:6d:2d:b6:50 2412 -71 35029
70:f9:6d:2d:f4:31 2462 -78 35029
70:f9:6d:2d:f4:30 2462 -75 35029
0c:72:2c:a3:17:e0 2412 -82 35029
08:10:77:67:48:40 2437 -83 35030
70:f9:6d:2d:b6:41 5805 -92 35030
70:f9:6d:2d:b6:40 5805 -91 35031
70:f9:6d:2f:be:f1 2412 -58 35031
70:f9:6d:2f:be:f0 2412 -58 35031
70:f9:6d:2f:cc:91 2412 -55 35031
70:f9:6d:2f:cc:90 2412 -47 35031
a8:15:4d:34:18:5e 2412 -83 35031
70:f9:6d:2d:f2:b1 2437 -75 35031
70:f9:6d:2f:c5:10 2437 -72 35031
14:e6:e4:58:96:48 2412 -75 36027
28:2c:b2:7e:4a:ca 2437 -73 36027
14:e6:e4:4e:19:ce 2437 -86 36027
1c:af:f7:4b:57:ce 2467 -71 36027
70:f9:6d:2f:be:e1 5765 -64 36027
70:f9:6d:2f:be:e0 5765 -64 36029
70:f9:6d:2f:cc:81 5805 -69 36030
70:f9:6d:2f:cc:80 5805 -69 36030
70:f9:6d:2f:c5:11 2437 -73 36031
70:f9:6d:2d:f7:81 5745 -77 36031
70:f9:6d:2f:c2:81 5805 -88 36031
70:f9:6d:2d:f2:a1 5805 -85 36031
40:18:b1:33:f7:94 2462 -78 36031
70:f9:6d:2d:f7:80 5745 -78 36031
70:f9:6d:2f:c2:80 5805 -89 36031
70:f9:6d:2d:f2:a0 5805 -85 36031
70:f9:6d:2f:c2:91 2462 -67 36031
70:f9:6d:2d:b6:51 2412 -70 36031
bc:d1:77:70:bc:d0 2412 -85 36032
70:f9:6d:2f:c2:90 2462 -71 36032
70:f9:6d:2d:f2:b0 2437 -83 36032
70:f9:6d:2d:b6:50 2412 -71 36032
70:f9:6d:2d:f4:31 2462 -78 36032
70:f9:6d:2d:f4:30 2462 -75 36032
0c:72:2c:a3:17:e0 2412 -82 36032
70:f9:6d:2d:b6:41 5805 -92 36032
70:f9:6d:2f:be:f1 2412 -58 36032
70:f9:6d:2f:be:f0 2412 -58 36032
70:f9:6d:2f:cc:91 2412 -74 36032
70:f9:6d:2f:cc:90 2412 -75 36032
a8:15:4d:34:18:5e 2412 -75 36032
70:f9:6d:2d:f2:b1 2437 -75 36032
70:f9:6d:2f:c5:10 2437 -72 36032
70:f9:6d:2d:f8:70 2462 -82 36033
14:e6:e4:58:96:48 2412 -77 37028
28:2c:b2:7e:4a:ca 2437 -76 37028
14:e6:e4:4e:19:ce 2437 -86 37028
1c:af:f7:4b:57:ce 2467 -55 37029
70:f9:6d:2f:be:e1 5765 -55 37029
70:f9:6d:2f:be:e0 5765 -55 37029
70:f9:6d:2f:cc:81 5805 -69 37029
70:f9:6d:2f:cc:80 5805 -69 37029
70:f9:6d:2f:c5:11 2437 -73 37029
70:f9:6d:2d:f7:81 5745 -79 37029
70:f9:6d:2f:c2:81 5805 -87 37029
70:f9:6d:2d:f2:a1 5805 -85 37029
40:18:b1:33:f7:94 2462 -83 37029
70:f9:6d:2d:f7:80 5745 -80 37029
70:f9:6d:2f:c2:80 5805 -88 37029
70:f9:6d:2d:f2:a0 5805 -85 37029
70:f9:6d:2f:c2:91 2462 -75 37029
70:f9:6d:2d:b6:51 2412 -70 37029
bc:d1:77:70:bc:d0 2412 -85 37030
70:f9:6d:2f:c2:90 2462 -77 37030
70:f9:6d:2d:f2:b0 2437 -83 37030
70:f9:6d:2d:b6:50 2412 -71 37030
70:f9:6d:2d:f4:30 2462 -75 37030
70:f9:6d:2f:be:f1 2412 -41 37032
70:f9:6d:2f:be:f0 2412 -47 37032
70:f9:6d:2f:cc:91 2412 -64 37033
70:f9:6d:2f:cc:90 2412 -58 37033
a8:15:4d:34:18:5e 2412 -74 37033
70:f9:6d:2f:c5:10 2437 -72 37033
70:f9:6d:2d:f8:70 2462 -82 37033
70:f9:6d:2e:8a:51 2437 -81 37033
70:f9:6d:2e:8a:50 2437 -79 37033
70:f9:6d:30:77:51 2437 -67 37033
70:f9:6d:30:77:50 2437 -67 37033
70:f9:6d:2d:f8:71 2462 -82 37033
14:e6:e4:58:96:48 2412 -79 38028
28:2c:b2:7e:4a:ca 2437 -80 38029
14:e6:e4:4e:19:ce 2437 -86 38029
1c:af:f7:4b:57:ce 2467 -59 38029
70:f9:6d:2f:be:e1 5765 -56 38029
70:f9:6d:2f:be:e0 5765 -55 38029
70:f9:6d:2f:cc:81 5805 -75 38029
70:f9:6d:2f:cc:80 5805 -75 38029
70:f9:6d:2f:c5:11 2437 -73 38029
70:f9:6d:2d:f7:81 5745 -75 38029
70:f9:6d:2f:c2:81 5805 -89 38029
70:f9:6d:2d:f2:a1 5805 -85 38029
40:18:b1:33:f7:94 2462 -83 38029
70:f9:6d:2d:f7:80 5745 -76 38029
70:f9:6d:2f:c2:80 5805 -91 38029
70:f9:6d:2d:f2:a0 5805 -84 38029
70:f9:6d:2f:c2:91 2462 -75 38030
bc:d1:77:70:bc:d0 2412 -85 38030
70:f9:6d:2f:c2:90 2462 -77 38030
70:f9:6d:2d:f2:b0 2437 -76 38030
70:f9:6d:2d:f4:30 2462 -75 38030
70:f9:6d:2f:be:f1 2412 -42 38030
70:f9:6d:2f:be:f0 2412 -43 38030
70:f9:6d:2f:cc:91 2412 -64 38030
70:f9:6d:2f:cc:90 2412 -58 38030
a8:15:4d:34:18:5e 2412 -57 38030
70:f9:6d:2f:c5:10 2437 -76 38030
70:f9:6d:2d:f8:70 2462 -82 38030
70:f9:6d:2e:8a:51 2437 -81 38031
70:f9:6d:2e:8a:50 2437 -79 38031
70:f9:6d:30:77:51 2437 -67 38031
70:f9:6d:30:77:50 2437 -67 38032
70:f9:6d:2d:f8:71 2462 -82 38032
0c:72:2c:24:2a:ea 2467 -77 38032
70:f9:6d:2d:f7:91 2412 -77 38032
14:e6:e4:58:96:48 2412 -79 39030
28:2c:b2:7e:4a:ca 2437 -84 39030
14:e6:e4:4e:19:ce 2437 -86 39031
1c:af:f7:4b:57:ce 2467 -62 39031
70:f9:6d:2f:be:e1 5765 -51 39031
70:f9:6d:2f:be:e0 5765 -52 39031
70:f9:6d:2f:cc:81 5805 -74 39031
70:f9:6d:2f:cc:80 5805 -73 39031
70:f9:6d:2f:c5:11 2437 -69 39031
70:f9:6d:2d:f7:81 5745 -83 39031
70:f9:6d:2f:c2:81 5805 -92 39031
70:f9:6d:2d:f2:a1 5805 -87 39031
40:18:b1:33:f7:94 2462 -87 39031
70:f9:6d:2d:f7:80 5745 -82 39031
70:f9:6d:2f:c2:80 5805 -92 39032
70:f9:6d:2d:f2:a0 5805 -87 39033
70:f9:6d:2f:c2:91 2462 -75 39037
bc:d1:77:70:bc:d0 2412 -85 39037
70:f9:6d:2f:c2:90 2462 -77 39037
70:f9:6d:2d:f2:b0 2437 -76 39037
70:f9:6d:2f:be:f1 2412 -42 39037
70:f9:6d:2f:be:f0 2412 -43 39037
70:f9:6d:2f:cc:91 2412 -64 39037
70:f9:6d:2f:cc:90 2412 -58 39038
a8:15:4d:34:18:5e 2412 -71 39038
70:f9:6d:2f:c5:10 2437 -75 39038
70:f9:6d:2d:f8:70 2462 -64 39038
70:f9:6d:2e:8a:50 2437 -79 39038
70:f9:6d:30:77:51 2437 -67 39038
70:f9:6d:30:77:50 2437 -67 39038
70:f9:6d:2d:f8:71 2462 -68 39038
0c:72:2c:24:2a:ea 2467 -79 39038
70:f9:6d:2d:f7:91 2412 -77 39038
70:f9:6d:2d:f7:90 2412 -76 39038
70:f9:6d:2f:c5:01 5785 -93 39038
14:e6:e4:58:96:48 2412 -79 40026
28:2c:b2:7e:4a:ca 2437 -88 40026
14:e6:e4:4e:19:ce 2437 -86 40026
1c:af:f7:4b:57:ce 2467 -70 40026
70:f9:6d:2f:be:e1 5765 -68 40026
70:f9:6d:2f:be:e0 5765 -68 40026
70:f9:6d:2f:cc:81 5805 -78 40026
70:f9:6d:2f:cc:80 5805 -81 40026
70:f9:6d:2f:c5:11 2437 -69 40026
70:f9:6d:2d:f7:81 5745 -83 40026
70:f9:6d:2f:c2:81 5805 -92 40027
70:f9:6d:2d:f2:a1 5805 -87 40027
40:18:b1:33:f7:94 2462 -87 40027
70:f9:6d:2d:f7:80 5745 -82 40027
70:f9:6d:2f:c2:80 5805 -92 40027
70:f9:6d:2d:f2:a0 5805 -87 40027
70:f9:6d:2f:c2:91 2462 -75 40027
70:f9:6d:2f:c2:90 2462 -77 40027
70:f9:6d:2d:f2:b0 2437 -76 40027
70:f9:6d:2f:be:f1 2412 -42 40027
70:f9:6d:2f:be:f0 2412 -43 40027
70:f9:6d:2f:cc:91 2412 -64 40027
70:f9:6d:2f:cc:90 2412 -58 40027
a8:15:4d:34:18:5e 2412 -43 40027
70:f9:6d:2f:c5:10 2437 -75 40027
70:f9:6d:2d:f8:70 2462 -64 40027
70:f9:6d:2e:8a:50 2437 -79 40027
70:f9:6d:30:77:51 2437 -67 40027
70:f9:6d:30:77:50 2437 -67 40027
70:f9:6d:2d:f8:71 2462 -68 40027
0c:72:2c:24:2a:ea 2467 -73 40027
70:f9:6d:2f:c5:01 5785 -93 40027
94:0c:6d:43:5a:7c 2472 -86 40045
ec:88:8f:fd:97:53 2462 -87 40045
70:f9:6d:2f:c5:00 5785 -92 40045
14:e6:e4:58:96:48 2412 -83 41027
28:2c:b2:7e:4a:ca 2437 -77 41027
1c:af:f7:4b:57:ce 2467 -81 41027
70:f9:6d:2f:be:e1 5765 -86 41027
70:f9:6d:2f:be:e0 5765 -84 41027
70:f9:6d:2f:cc:81 5805 -78 41027
70:f9:6d:2f:cc:80 5805 -81 41027
70:f9:6d:2f:c5:11 2437 -69 41027
70:f9:6d:2d:f7:81 5745 -83 41027
70:f9:6d:2f:c2:81 5805 -92 41027
70:f9:6d:2d:f2:a1 5805 -87 41027
40:18:b1:33:f7:94 2462 -87 41027
70:f9:6d:2d:f7:80 5745 -82 41027
70:f9:6d:2f:c2:80 5805 -92 41027
70:f9:6d:2d:f2:a0 5805 -87 41027
70:f9:6d:2f:c2:91 2462 -75 41027
70:f9:6d:2f:c2:90 2462 -77 41027
70:f9:6d:2d:f2:b0 2437 -76 41027
70:f9:6d:2f:be:f1 2412 -42 41027
70:f9:6d:2f:be:f0 2412 -43 41028
70:f9:6d:2f:cc:91 2412 -79 41028
70:f9:6d:2f:cc:90 2412 -77 41028
a8:15:4d:34:18:5e 2412 -40 41028
70:f9:6d:2f:c5:10 2437 -75 41028
70:f9:6d:2d:f8:70 2462 -64 41028
70:f9:6d:30:77:51 2437 -82 41028
70:f9:6d:30:77:50 2437 -80 41028
70:f9:6d:2d:f8:71 2462 -68 41028
0c:72:2c:24:2a:ea 2467 -64 41028
70:f9:6d:2f:c5:01 5785 -93 41028
ec:88:8f:fd:97:53 2462 -87 41028
70:f9:6d:2f:c5:00 5785 -92 41028
14:cf:92:8d:39:3e 2437 -90 41028
08:10:77:39:41:33 2437 -68 41028
70:f9:6d:2d:f2:b1 2437 -74 41028
14:e6:e4:58:96:48 2412 -76 42026
28:2c:b2:7e:4a:ca 2437 -82 42026
1c:af:f7:4b:57:ce 2467 -79 42026
70:f9:6d:2f:be:e1 5765 -89 42026
70:f9:6d:2f:be:e0 5765 -91 42026
70:f9:6d:2f:cc:81 5805 -78 42026
70:f9:6d:2f:cc:80 5805 -81 42027
70:f9:6d:2f:c5:11 2437 -69 42027
70:f9:6d:2d:f7:81 5745 -83 42027
70:f9:6d:2f:c2:81 5805 -92 42027
70:f9:6d:2d:f2:a1 5805 -87 42027
40:18:b1:33:f7:94 2462 -87 42027
70:f9:6d:2d:f7:80 5745 -82 42027
70:f9:6d:2f:c2:80 5805 -92 42027
70:f9:6d:2d:f2:a0 5805 -87 42027
70:f9:6d:2f:c2:91 2462 -75 42027
70:f9:6d:2f:c2:90 2462 -77 42027
70:f9:6d:2d:f2:b0 2437 -76 42027
70:f9:6d:2f:be:f1 2412 -73 42027
70:f9:6d:2f:be:f0 2412 -74 42027
70:f9:6d:2f:cc:91 2412 -79 42027
70:f9:6d:2f:cc:90 2412 -77 42027
a8:15:4d:34:18:5e 2412 -46 42027
70:f9:6d:2f:c5:10 2437 -75 42027
70:f9:6d:2d:f8:70 2462 -64 42027
70:f9:6d:30:77:51 2437 -82 42027
70:f9:6d:30:77:50 2437 -80 42027
70:f9:6d:2d:f8:71 2462 -68 42027
0c:72:2c:24:2a:ea 2467 -64 42028
ec:88:8f:fd:97:53 2462 -87 42028
14:cf:92:8d:39:3e 2437 -90 42028
08:10:77:39:41:33 2437 -72 42028
70:f9:6d:2d:f2:b1 2437 -74 42028
40:18:b1:33:f1:54 2437 -84 42028
14:e6:e4:58:96:48 2412 -73 43026
28:2c:b2:7e:4a:ca 2437 -75 43026
1c:af:f7:4b:57:ce 2467 -78 43026
70:f9:6d:2f:be:e1 5765 -90 43026
70:f9:6d:2f:be:e0 5765 -89 43026
70:f9:6d:2f:cc:81 5805 -78 43026
70:f9:6d:2f:cc:80 5805 -81 43026
70:f9:6d:2f:be:f1 2412 -70 43026
70:f9:6d:2f:be:f0 2412 -72 43026
70:f9:6d:2f:cc:91 2412 -79 43026
70:f9:6d:2f:cc:90 2412 -77 43026
a8:15:4d:34:18:5e 2412 -42 43026
70:f9:6d:30:77:51 2437 -82 43026
70:f9:6d:30:77:50 2437 -80 43026
0c:72:2c:24:2a:ea 2467 -61 43026
ec:88:8f:fd:97:53 2462 -87 43026
14:cf:92:8d:39:3e 2437 -90 43026
08:10:77:39:41:33 2437 -72 43026
40:18:b1:33:f1:54 2437 -84 43026
14:e6:e4:94:e7:b8 2427 -87 43026
70:f9:6d:30:77:30 2462 -78 43026
14:e6:e4:58:96:48 2412 -71 44027
28:2c:b2:7e:4a:ca 2437 -78 44027
1c:af:f7:4b:57:ce 2467 -78 44027
70:f9:6d:2f:be:e1 5765 -89 44027
70:f9:6d:2f:be:e0 5765 -86 44028
70:f9:6d:2f:cc:81 5805 -78 44028
70:f9:6d:2f:cc:80 5805 -81 44028
70:f9:6d:2f:be:f1 2412 -70 44028
70:f9:6d:2f:be:f0 2412 -72 44028
70:f9:6d:2f:cc:91 2412 -79 44028
70:f9:6d:2f:cc:90 2412 -77 44028
a8:15:4d:34:18:5e 2412 -47 44028
70:f9:6d:30:77:51 2437 -82 44028
70:f9:6d:30:77:50 2437 -80 44028
0c:72:2c:24:2a:ea 2467 -69 44028
ec:88:8f:fd:97:53 2462 -87 44028
14:cf:92:8d:39:3e 2437 -90 44028
08:10:77:39:41:33 2437 -70 44028
40:18:b1:33:f1:54 2437 -84 44028
14:e6:e4:94:e7:b8 2427 -87 44028
70:f9:6d:30:77:30 2462 -78 44028
f0:7d:68:7a:bb:bc 2472 -88 44028
14:e6:e4:58:96:48 2412 -71 45027
28:2c:b2:7e:4a:ca 2437 -80 45027
1c:af:f7:4b:57:ce 2467 -84 45027
70:f9:6d:2f:be:e1 5765 -83 45027
70:f9:6d:2f:be:e0 5765 -85 45027
70:f9:6d:2f:be:f1 2412 -70 45027
70:f9:6d:2f:be:f0 2412 -72 45028
70:f9:6d:2f:cc:91 2412 -79 45028
70:f9:6d:2f:cc:90 2412 -77 45028
a8:15:4d:34:18:5e 2412 -43 45028
70:f9:6d:30:77:51 2437 -82 45028
70:f9:6d:30:77:50 2437 -80 45028
0c:72:2c:24:2a:ea 2467 -69 45028
14:cf:92:8d:39:3e 2437 -90 45028
08:10:77:39:41:33 2437 -70 45028
40:18:b1:33:f1:54 2437 -84 45028
70:f9:6d:30:77:30 2462 -75 45028
f0:7d:68:7a:bb:bc 2472 -88 45028
70:f9:6d:30:77:31 2462 -83 45028
14:e6:e4:58:96:48 2412 -82 46025
28:2c:b2:7e:4a:ca 2437 -77 46025
1c:af:f7:4b:57:ce 2467 -83 46025
70:f9:6d:2f:be:e1 5765 -85 46025
70:f9:6d:2f:be:e0 5765 -85 46026
70:f9:6d:2f:be:f1 2412 -70 46026
70:f9:6d:2f:be:f0 2412 -72 46026
a8:15:4d:34:18:5e 2412 -46 46026
0c:72:2c:24:2a:ea 2467 -62 46026
08:10:77:39:41:33 2437 -73 46026
70:f9:6d:30:77:30 2462 -75 46026
f0:7d:68:7a:bb:bc 2472 -88 46026
70:f9:6d:30:77:31 2462 -89 46026
bc:d1:77:e5:81:66 2437 -98 46026
14:e6:e4:58:96:48 2412 -82 47026
28:2c:b2:7e:4a:ca 2437 -90 47026
1c:af:f7:4b:57:ce 2467 -86 47026
70:f9:6d:2f:be:e1 5765 -91 47026
70:f9:6d:2f:be:e0 5765 -91 47027
70:f9:6d:2f:be:f1 2412 -76 47027
70:f9:6d:2f:be:f0 2412 -75 47027
a8:15:4d:34:18:5e 2412 -56 47027
0c:72:2c:24:2a:ea 2467 -64 47027
08:10:77:39:41:33 2437 -73 47027
70:f9:6d:30:77:30 2462 -75 47027
f0:7d:68:7a:bb:bc 2472 -88 47027
70:f9:6d:30:77:31 2462 -89 47027
bc:d1:77:e5:81:66 2437 -98 47027
28:2c:b2:16:6a:b2 2462 -85 47027
00:36:76:31:c4:69 2462 -88 47027
00:0f:e2:fc:56:30 2462 -88 47027
14:e6:e4:58:96:48 2412 -87 48027
28:2c:b2:7e:4a:ca 2437 -84 48027
1c:af:f7:4b:57:ce 2467 -79 48027
70:f9:6d:2f:be:e1 5765 -91 48027
70:f9:6d:2f:be:e0 5765 -91 48027
70:f9:6d:2f:be:f1 2412 -76 48027
70:f9:6d:2f:be:f0 2412 -75 48027
a8:15:4d:34:18:5e 2412 -61 48027
0c:72:2c:24:2a:ea 2467 -61 48028
08:10:77:39:41:33 2437 -61 48028
70:f9:6d:30:77:30 2462 -75 48028
70:f9:6d:30:77:31 2462 -89 48028
bc:d1:77:e5:81:66 2437 -98 48028
28:2c:b2:16:6a:b2 2462 -85 48028
00:36:76:31:c4:69 2462 -88 48028
00:0f:e2:fc:56:30 2462 -88 48028
14:e6:e4:58:96:48 2412 -83 49025
28:2c:b2:7e:4a:ca 2437 -85 49025
1c:af:f7:4b:57:ce 2467 -79 49025
70:f9:6d:2f:be:e1 5765 -85 49025
70:f9:6d:2f:be:e0 5765 -85 49025
70:f9:6d:2f:be:f1 2412 -76 49025
70:f9:6d:2f:be:f0 2412 -75 49025
a8:15:4d:34:18:5e 2412 -56 49025
0c:72:2c:24:2a:ea 2467 -61 49025
08:10:77:39:41:33 2437 -71 49025
70:f9:6d:30:77:30 2462 -75 49025
70:f9:6d:30:77:31 2462 -89 49025
bc:d1:77:e5:81:66 2437 -98 49025
28:2c:b2:16:6a:b2 2462 -85 49025
00:36:76:31:c4:69 2462 -88 49025
00:0f:e2:fc:56:30 2462 -88 49025
14:e6:e4:58:96:48 2412 -82 50025
28:2c:b2:7e:4a:ca 2437 -82 50025
1c:af:f7:4b:57:ce 2467 -79 50025
70:f9:6d:2f:be:e1 5765 -87 50025
70:f9:6d:2f:be:e0 5765 -86 50025
70:f9:6d:2f:be:f1 2412 -76 50025
70:f9:6d:2f:be:f0 2412 -75 50025
a8:15:4d:34:18:5e 2412 -57 50025
0c:72:2c:24:2a:ea 2467 -63 50025
08:10:77:39:41:33 2437 -63 50026
70:f9:6d:30:77:31 2462 -89 50026
bc:d1:77:e5:81:66 2437 -98 50026
28:2c:b2:16:6a:b2 2462 -85 50026
00:36:76:31:c4:69 2462 -88 50026
00:0f:e2:fc:56:30 2462 -88 50026
ec:88:8f:fd:97:53 2462 -94 50026
14:e6:e4:58:96:48 2412 -88 51025
28:2c:b2:7e:4a:ca 2437 -85 51025
1c:af:f7:4b:57:ce 2467 -90 51025
70:f9:6d:2f:be:e1 5765 -88 51025
70:f9:6d:2f:be:e0 5765 -87 51025
70:f9:6d:2f:be:f1 2412 -76 51025
70:f9:6d:2f:be:f0 2412 -75 51025
a8:15:4d:34:18:5e 2412 -64 51025
0c:72:2c:24:2a:ea 2467 -63 51025
08:10:77:39:41:33 2437 -70 51025
28:2c:b2:16:6a:b2 2462 -85 51025
00:36:76:31:c4:69 2462 -88 51025
00:0f:e2:fc:56:30 2462 -89 51025
ec:88:8f:fd:97:53 2462 -94 51026
70:f9:6d:2e:88:b0 2412 -81 51026
14:e6:e4:58:96:48 2412 -84 52024
28:2c:b2:7e:4a:ca 2437 -82 52024
1c:af:f7:4b:57:ce 2467 -91 52024
70:f9:6d:2f:be:e1 5765 -84 52024
70:f9:6d:2f:be:e0 5765 -85 52024
a8:15:4d:34:18:5e 2412 -63 52024
0c:72:2c:24:2a:ea 2467 -60 52024
08:10:77:39:41:33 2437 -65 52024
00:0f:e2:fc:56:30 2462 -85 52024
ec:88:8f:fd:97:53 2462 -90 52024
70:f9:6d:2e:88:b0 2412 -81 52024
70:f9:6d:2d:f8:70 2462 -77 52025
14:e6:e4:58:96:48 2412 -85 53025
28:2c:b2:7e:4a:ca 2437 -87 53025
1c:af:f7:4b:57:ce 2467 -91 53025
70:f9:6d:2f:be:e1 5765 -85 53025
70:f9:6d:2f:be:e0 5765 -86 53025
a8:15:4d:34:18:5e 2412 -62 53025
0c:72:2c:24:2a:ea 2467 -62 53025
08:10:77:39:41:33 2437 -59 53025
00:0f:e2:fc:56:30 2462 -85 53025
ec:88:8f:fd:97:53 2462 -83 53025
70:f9:6d:2e:88:b0 2412 -76 53025
70:f9:6d:2d:f8:70 2462 -77 53025
f0:7d:68:7a:bb:bc 2472 -88 53025
14:e6:e4:58:96:48 2412 -85 54025
28:2c:b2:7e:4a:ca 2437 -87 54025
1c:af:f7:4b:57:ce 2467 -91 54025
70:f9:6d:2f:be:e1 5765 -87 54025
70:f9:6d:2f:be:e0 5765 -88 54025
a8:15:4d:34:18:5e 2412 -66 54025
0c:72:2c:24:2a:ea 2467 -61 54025
08:10:77:39:41:33 2437 -66 54025
00:0f:e2:fc:56:30 2462 -85 54025
ec:88:8f:fd:97:53 2462 -81 54025
70:f9:6d:2e:88:b0 2412 -76 54025
70:f9:6d:2d:f8:70 2462 -77 54025
f0:7d:68:7a:bb:bc 2472 -90 54025
14:e6:e4:58:96:48 2412 -85 55025
28:2c:b2:7e:4a:ca 2437 -84 55025
1c:af:f7:4b:57:ce 2467 -82 55025
70:f9:6d:2f:be:e1 5765 -86 55025
70:f9:6d:2f:be:e0 5765 -85 55025
a8:15:4d:34:18:5e 2412 -68 55025
0c:72:2c:24:2a:ea 2467 -60 55026
08:10:77:39:41:33 2437 -60 55026
00:0f:e2:fc:56:30 2462 -85 55026
ec:88:8f:fd:97:53 2462 -83 55026
70:f9:6d:2e:88:b0 2412 -76 55026
70:f9:6d:2d:f8:70 2462 -77 55026
f0:7d:68:7a:bb:bc 2472 -90 55026
70:f9:6d:2f:be:f1 2412 -64 55026
70:f9:6d:2f:be:f0 2412 -64 55026
14:e6:e4:58:96:48 2412 -85 56025
28:2c:b2:7e:4a:ca 2437 -90 56025
1c:af:f7:4b:57:ce 2467 -90 56026
70:f9:6d:2f:be:e1 5765 -79 56026
70:f9:6d:2f:be:e0 5765 -79 56026
a8:15:4d:34:18:5e 2412 -69 56026
0c:72:2c:24:2a:ea 2467 -63 56026
08:10:77:39:41:33 2437 -66 56026
ec:88:8f:fd:97:53 2462 -83 56026
70:f9:6d:2e:88:b0 2412 -76 56026
f0:7d:68:7a:bb:bc 2472 -90 56026
70:f9:6d:2f:be:f1 2412 -69 56026
70:f9:6d:2f:be:f0 2412 -62 56026
70:f9:6d:2e:88:b1 2412 -79 56026
14:e6:e4:58:96:48 2412 -88 57027
28:2c:b2:7e:4a:ca 2437 -78 57027
1c:af:f7:4b:57:ce 2467 -89 57028
70:f9:6d:2f:be:e1 5765 -85 57028
70:f9:6d:2f:be:e0 5765 -88 57028
a8:15:4d:34:18:5e 2412 -70 57028
0c:72:2c:24:2a:ea 2467 -59 57028
08:10:77:39:41:33 2437 -63 57028
ec:88:8f:fd:97:53 2462 -83 57028
70:f9:6d:2e:88:b0 2412 -76 57028
f0:7d:68:7a:bb:bc 2472 -90 57028
70:f9:6d:2f:be:f1 2412 -69 57028
70:f9:6d:2f:be:f0 2412 -62 57028
70:f9:6d:2e:88:b1 2412 -79 57028
70:f9:6d:30:77:51 2437 -78 57028
70:f9:6d:30:77:50 2437 -79 57028
14:e6:e4:58:96:48 2412 -80 58025
28:2c:b2:7e:4a:ca 2437 -80 58025
1c:af:f7:4b:57:ce 2467 -83 58025
70:f9:6d:2f:be:e1 5765 -79 58025
70:f9:6d:2f:be:e0 5765 -78 58025
a8:15:4d:34:18:5e 2412 -58 58025
0c:72:2c:24:2a:ea 2467 -62 58025
08:10:77:39:41:33 2437 -65 58025
ec:88:8f:fd:97:53 2462 -88 58025
f0:7d:68:7a:bb:bc 2472 -90 58025
70:f9:6d:2f:be:f1 2412 -69 58025
70:f9:6d:2f:be:f0 2412 -62 58026
70:f9:6d:2e:88:b1 2412 -79 58026
70:f9:6d:30:77:51 2437 -78 58026
70:f9:6d:30:77:50 2437 -79 58026
14:e6:e4:94:e7:b8 2427 -87 58026
14:e6:e4:58:96:48 2412 -78 59025
28:2c:b2:7e:4a:ca 2437 -76 59026
1c:af:f7:4b:57:ce 2467 -88 59026
70:f9:6d:2f:be:e1 5765 -79 59026
70:f9:6d:2f:be:e0 5765 -79 59026
a8:15:4d:34:18:5e 2412 -61 59026
0c:72:2c:24:2a:ea 2467 -65 59026
08:10:77:39:41:33 2437 -66 59026
ec:88:8f:fd:97:53 2462 -88 59026
70:f9:6d:2f:be:f1 2412 -64 59026
70:f9:6d:2f:be:f0 2412 -63 59026
70:f9:6d:2e:88:b1 2412 -79 59026
70:f9:6d:30:77:51 2437 -78 59026
70:f9:6d:30:77:50 2437 -79 59026
14:e6:e4:94:e7:b8 2427 -85 59026
14:e6:e4:58:96:48 2412 -84 60028
28:2c:b2:7e:4a:ca 2437 -73 60028
1c:af:f7:4b:57:ce 2467 -88 60028
70:f9:6d:2f:be:e1 5765 -84 60028
70:f9:6d:2f:be:e0 5765 -83 60028
a8:15:4d:34:18:5e 2412 -56 60028
0c:72:2c:24:2a:ea 2467 -69 60028
08:10:77:39:41:33 2437 -67 60028
ec:88:8f:fd:97:53 2462 -88 60028
70:f9:6d:2f:be:f1 2412 -57 60028
70:f9:6d:2f:be:f0 2412 -58 60028
70:f9:6d:2e:88:b1 2412 -79 60028
70:f9:6d:30:77:51 2437 -78 60028
70:f9:6d:30:77:50 2437 -79 60028
14:e6:e4:94:e7:b8 2427 -84 60028
14:e6:e4:58:96:48 2412 -79 61029
28:2c:b2:7e:4a:ca 2437 -81 61029
1c:af:f7:4b:57:ce 2467 -87 61029
70:f9:6d:2f:be:e1 5765 -83 61029
70:f9:6d:2f:be:e0 5765 -83 61029
a8:15:4d:34:18:5e 2412 -45 61029
0c:72:2c:24:2a:ea 2467 -63 61029
08:10:77:39:41:33 2437 -69 61029
ec:88:8f:fd:97:53 2462 -84 61029
70:f9:6d:2f:be:f1 2412 -57 61030
70:f9:6d:2f:be:f0 2412 -58 61030
70:f9:6d:30:77:51 2437 -78 61030
70:f9:6d:30:77:50 2437 -79 61030
14:e6:e4:94:e7:b8 2427 -84 61030
00:36:76:31:c4:69 2462 -87 61030
14:e6:e4:58:96:48 2412 -74 62027
28:2c:b2:7e:4a:ca 2437 -80 62027
1c:af:f7:4b:57:ce 2467 -86 62028
70:f9:6d:2f:be:e1 5765 -83 62028
70:f9:6d:2f:be:e0 5765 -83 62028
a8:15:4d:34:18:5e 2412 -48 62028
0c:72:2c:24:2a:ea 2467 -69 62028
08:10:77:39:41:33 2437 -78 62028
ec:88:8f:fd:97:53 2462 -84 62028
70:f9:6d:2f:be:f1 2412 -57 62028
70:f9:6d:2f:be:f0 2412 -58 62028
14:e6:e4:94:e7:b8 2427 -84 62028
00:36:76:31:c4:69 2462 -87 62028
74:ea:3a:60:3f:de 2412 -81 62028
40:18:b1:33:f1:54 2437 -82 62028
14:e6:e4:58:96:48 2412 -77 63028
28:2c:b2:7e:4a:ca 2437 -71 63028
1c:af:f7:4b:57:ce 2467 -79 63028
70:f9:6d:2f:be:e1 5765 -90 63028
70:f9:6d:2f:be:e0 5765 -89 63028
a8:15:4d:34:18:5e 2412 -49 63028
0c:72:2c:24:2a:ea 2467 -69 63028
08:10:77:39:41:33 2437 -72 63028
ec:88:8f:fd:97:53 2462 -84 63028
70:f9:6d:2f:be:f1 2412 -57 63028
70:f9:6d:2f:be:f0 2412 -58 63028
14:e6:e4:94:e7:b8 2427 -84 63028
00:36:76:31:c4:69 2462 -87 63028
74:ea:3a:60:3f:de 2412 -81 63028
40:18:b1:33:f1:54 2437 -82 63029
70:f9:6d:30:77:51 2437 -82 63029
70:f9:6d:30:77:50 2437 -84 63029
14:e6:e4:58:96:48 2412 -72 64029
28:2c:b2:7e:4a:ca 2437 -72 64030
1c:af:f7:4b:57:ce 2467 -76 64030
70:f9:6d:2f:be:e1 5765 -86 64030
70:f9:6d:2f:be:e0 5765 -87 64030
a8:15:4d:34:18:5e 2412 -48 64030
0c:72:2c:24:2a:ea 2467 -73 64030
08:10:77:39:41:33 2437 -75 64030
ec:88:8f:fd:97:53 2462 -93 64030
70:f9:6d:2f:be:f1 2412 -80 64030
70:f9:6d:2f:be:f0 2412 -63 64030
14:e6:e4:94:e7:b8 2427 -84 64030
00:36:76:31:c4:69 2462 -87 64030
74:ea:3a:60:3f:de 2412 -81 64030
40:18:b1:33:f1:54 2437 -82 64030
70:f9:6d:30:77:51 2437 -82 64030
70:f9:6d:30:77:50 2437 -84 64030
14:e6:e4:58:96:48 2412 -73 65029
28:2c:b2:7e:4a:ca 2437 -74 65029
1c:af:f7:4b:57:ce 2467 -76 65029
70:f9:6d:2f:be:e1 5765 -81 65029
70:f9:6d:2f:be:e0 5765 -80 65029
a8:15:4d:34:18:5e 2412 -43 65030
0c:72:2c:24:2a:ea 2467 -70 65030
08:10:77:39:41:33 2437 -75 65030
ec:88:8f:fd:97:53 2462 -93 65030
70:f9:6d:2f:be:f1 2412 -80 65030
70:f9:6d:2f:be:f0 2412 -63 65030
00:36:76:31:c4:69 2462 -87 65030
74:ea:3a:60:3f:de 2412 -81 65030
40:18:b1:33:f1:54 2437 -82 65030
70:f9:6d:30:77:51 2437 -82 65030
70:f9:6d:30:77:50 2437 -84 65030
70:f9:6d:2f:c5:11 2437 -83 65030
70:f9:6d:2f:cc:81 5805 -91 65030
70:f9:6d:2f:cc:80 5805 -90 65030
14:e6:e4:58:96:48 2412 -74 66030
28:2c:b2:7e:4a:ca 2437 -71 66030
1c:af:f7:4b:57:ce 2467 -66 66030
70:f9:6d:2f:be:e1 5765 -72 66030
70:f9:6d:2f:be:e0 5765 -72 66030
a8:15:4d:34:18:5e 2412 -46 66030
0c:72:2c:24:2a:ea 2467 -71 66030
08:10:77:39:41:33 2437 -75 66030
ec:88:8f:fd:97:53 2462 -82 66030
70:f9:6d:2f:be:f1 2412 -80 66030
70:f9:6d:2f:be:f0 2412 -63 66030
74:ea:3a:60:3f:de 2412 -81 66031
40:18:b1:33:f1:54 2437 -82 66031
70:f9:6d:30:77:51 2437 -74 66031
70:f9:6d:30:77:50 2437 -72 66031
70:f9:6d:2f:c5:11 2437 -83 66031
70:f9:6d:2f:cc:81 5805 -83 66031
70:f9:6d:2f:cc:80 5805 -82 66031
14:cf:92:8d:39:3e 2437 -83 66031
14:e6:e4:94:e7:b8 2427 -84 66031
70:f9:6d:2d:f7:81 5745 -89 66031
40:18:b1:33:f7:94 2462 -87 66031
70:f9:6d:2d:f7:80 5745 -90 66031
14:e6:e4:58:96:48 2412 -79 67032
28:2c:b2:7e:4a:ca 2437 -84 67033
1c:af:f7:4b:57:ce 2467 -61 67033
70:f9:6d:2f:be:e1 5765 -62 67033
70:f9:6d:2f:be:e0 5765 -65 67033
a8:15:4d:34:18:5e 2412 -56 67033
0c:72:2c:24:2a:ea 2467 -78 67033
08:10:77:39:41:33 2437 -84 67033
ec:88:8f:fd:97:53 2462 -85 67033
70:f9:6d:2f:be:f1 2412 -80 67033
70:f9:6d:2f:be:f0 2412 -63 67034
40:18:b1:33:f1:54 2437 -80 67034
70:f9:6d:30:77:51 2437 -68 67034
70:f9:6d:30:77:50 2437 -68 67034
70:f9:6d:2f:c5:11 2437 -83 67034
70:f9:6d:2f:cc:81 5805 -72 67034
70:f9:6d:2f:cc:80 5805 -73 67034
14:cf:92:8d:39:3e 2437 -79 67034
14:e6:e4:94:e7:b8 2427 -81 67034
70:f9:6d:2d:f7:81 5745 -81 67034
40:18:b1:33:f7:94 2462 -90 67034
70:f9:6d:2d:f7:80 5745 -85 67034
70:f9:6d:2f:cc:91 2412 -67 67034
70:f9:6d:2d:f7:91 2412 -75 67034
70:f9:6d:2f:c2:81 5805 -86 67034
70:f9:6d:2d:f2:b1 2437 -82 67034
70:f9:6d:2f:cc:90 2412 -64 67035
70:f9:6d:2d:f7:90 2412 -78 67035
70:f9:6d:2d:f2:b0 2437 -81 67035
70:f9:6d:2d:b6:50 2412 -81 67035
70:f9:6d:2f:c2:80 5805 -86 67035
14:e6:e4:58:96:48 2412 -79 68037
28:2c:b2:7e:4a:ca 2437 -82 68037
1c:af:f7:4b:57:ce 2467 -60 68037
70:f9:6d:2f:be:e1 5765 -58 68037
70:f9:6d:2f:be:e0 5765 -58 68037
a8:15:4d:34:18:5e 2412 -53 68037
0c:72:2c:24:2a:ea 2467 -79 68037
08:10:77:39:41:33 2437 -81 68037
ec:88:8f:fd:97:53 2462 -84 68037
70:f9:6d:2f:be:f1 2412 -49 68037
70:f9:6d:2f:be:f0 2412 -49 68037
40:18:b1:33:f1:54 2437 -80 68038
70:f9:6d:30:77:51 2437 -68 68038
70:f9:6d:30:77:50 2437 -68 68038
70:f9:6d:2f:c5:11 2437 -83 68038
70:f9:6d:2f:cc:81 5805 -63 68038
70:f9:6d:2f:cc:80 5805 -63 68038
14:cf:92:8d:39:3e 2437 -79 68038
14:e6:e4:94:e7:b8 2427 -86 68039
70:f9:6d:2d:f7:81 5745 -72 68039
40:18:b1:33:f7:94 2462 -79 68039
70:f9:6d:2d:f7:80 5745 -69 68039
70:f9:6d:2f:cc:91 2412 -61 68039
70:f9:6d:2d:f7:91 2412 -75 68039
70:f9:6d:2f:c2:81 5805 -84 68039
70:f9:6d:2d:f2:b1 2437 -82 68039
70:f9:6d:2f:cc:90 2412 -62 68039
70:f9:6d:2d:f7:90 2412 -78 68039
70:f9:6d:2d:f2:b0 2437 -81 68039
70:f9:6d:2d:b6:50 2412 -79 68039
70:f9:6d:2f:c2:80 5805 -81 68039
70:f9:6d:2f:c2:91 2462 -61 68040
70:f9:6d:2d:f2:a1 5805 -77 68040
70:f9:6d:2d:f4:31 2462 -77 68040
14:e6:e4:58:96:48 2412 -81 69032
28:2c:b2:7e:4a:ca 2437 -82 69032
1c:af:f7:4b:57:ce 2467 -60 69032
70:f9:6d:2f:be:e1 5765 -65 69032
70:f9:6d:2f:be:e0 5765 -63 69032
a8:15:4d:34:18:5e 2412 -61 69032
0c:72:2c:24:2a:ea 2467 -76 69032
08:10:77:39:41:33 2437 -81 69032
ec:88:8f:fd:97:53 2462 -84 69032
70:f9:6d:2f:be:f1 2412 -43 69033
70:f9:6d:2f:be:f0 2412 -49 69033
40:18:b1:33:f1:54 2437 -80 69033
70:f9:6d:30:77:51 2437 -68 69033
70:f9:6d:30:77:50 2437 -68 69033
70:f9:6d:2f:cc:81 5805 -67 69033
70:f9:6d:2f:cc:80 5805 -66 69033
14:cf:92:8d:39:3e 2437 -82 69033
14:e6:e4:94:e7:b8 2427 -88 69033
70:f9:6d:2d:f7:81 5745 -66 69033
40:18:b1:33:f7:94 2462 -88 69033
70:f9:6d:2d:f7:80 5745 -66 69033
70:f9:6d:2f:cc:91 2412 -61 69033
70:f9:6d:2d:f7:91 2412 -75 69033
70:f9:6d:2f:c2:81 5805 -82 69033
70:f9:6d:2d:f2:b1 2437 -82 69033
70:f9:6d:2f:cc:90 2412 -62 69034
70:f9:6d:2d:f7:90 2412 -78 69034
70:f9:6d:2d:f2:b0 2437 -81 69034
70:f9:6d:2d:b6:50 2412 -79 69034
70:f9:6d:2f:c2:80 5805 -81 69034
70:f9:6d:2f:c2:91 2462 -64 69034
70:f9:6d:2d:f2:a1 5805 -78 69034
70:f9:6d:2d:f4:31 2462 -85 69034
f0:7d:68:96:6d:42 2462 -92 69034
14:e6:e4:58:96:48 2412 -72 70035
28:2c:b2:7e:4a:ca 2437 -65 70035
1c:af:f7:4b:57:ce 2467 -67 70035
70:f9:6d:2f:be:e1 5765 -67 70035
70:f9:6d:2f:be:e0 5765 -66 70035
a8:15:4d:34:18:5e 2412 -66 70035
0c:72:2c:24:2a:ea 2467 -80 70035
08:10:77:39:41:33 2437 -81 70035
ec:88:8f:fd:97:53 2462 -91 70035
70:f9:6d:2f:be:f1 2412 -43 70035
70:f9:6d:2f:be:f0 2412 -49 70035
40:18:b1:33:f1:54 2437 -80 70036
70:f9:6d:30:77:51 2437 -68 70036
70:f9:6d:30:77:50 2437 -68 70036
70:f9:6d:2f:cc:81 5805 -60 70036
70:f9:6d:2f:cc:80 5805 -61 70036
14:cf:92:8d:39:3e 2437 -82 70036
14:e6:e4:94:e7:b8 2427 -88 70036
70:f9:6d:2d:f7:81 5745 -71 70036
40:18:b1:33:f7:94 2462 -81 70036
70:f9:6d:2d:f7:80 5745 -72 70036
70:f9:6d:2f:cc:91 2412 -61 70036
70:f9:6d:2d:f7:91 2412 -75 70036
70:f9:6d:2f:c2:81 5805 -77 70036
70:f9:6d:2d:f2:b1 2437 -82 70036
70:f9:6d:2f:cc:90 2412 -62 70036
70:f9:6d:2d:f7:90 2412 -78 70039
70:f9:6d:2d:f2:b0 2437 -81 70039
70:f9:6d:2d:b6:50 2412 -79 70039
70:f9:6d:2f:c2:80 5805 -77 70039
70:f9:6d:2f:c2:91 2462 -64 70039
70:f9:6d:2d:f2:a1 5805 -76 70039
70:f9:6d:2d:f4:31 2462 -85 70039
f0:7d:68:96:6d:42 2462 -92 70039
14:e6:e4:58:96:48 2412 -70 71036
28:2c:b2:7e:4a:ca 2437 -68 71036
1c:af:f7:4b:57:ce 2467 -80 71036
70:f9:6d:2f:be:e1 5765 -53 71037
70:f9:6d:2f:be:e0 5765 -53 71037
a8:15:4d:34:18:5e 2412 -71 71037
0c:72:2c:24:2a:ea 2467 -85 71037
08:10:77:39:41:33 2437 -81 71037
ec:88:8f:fd:97:53 2462 -91 71037
70:f9:6d:2f:be:f1 2412 -43 71037
70:f9:6d:2f:be:f0 2412 -49 71037
70:f9:6d:30:77:51 2437 -76 71037
70:f9:6d:2f:cc:81 5805 -61 71037
70:f9:6d:2f:cc:80 5805 -63 71038
14:cf:92:8d:39:3e 2437 -82 71038
14:e6:e4:94:e7:b8 2427 -88 71038
70:f9:6d:2d:f7:81 5745 -75 71038
40:18:b1:33:f7:94 2462 -72 71038
70:f9:6d:2d:f7:80 5745 -76 71038
70:f9:6d:2f:cc:91 2412 -61 71038
70:f9:6d:2d:f7:91 2412 -59 71038
70:f9:6d:2f:c2:81 5805 -75 71038
70:f9:6d:2f:cc:90 2412 -62 71038
70:f9:6d:2d:f7:90 2412 -59 71038
70:f9:6d:2d:b6:50 2412 -79 71038
70:f9:6d:2f:c2:80 5805 -76 71038
70:f9:6d:2f:c2:91 2462 -64 71038
70:f9:6d:2d:f2:a1 5805 -82 71038
70:f9:6d:2d:f4:31 2462 -85 71038
f0:7d:68:96:6d:42 2462 -92 71038
70:f9:6d:2f:c2:90 2462 -68 71039
70:f9:6d:2d:f2:a0 5805 -84 71039
70:f9:6d:2d:f4:30 2462 -79 71039
08:10:77:67:48:40 2437 -79 71039
14:e6:e4:58:96:48 2412 -69 72037
28:2c:b2:7e:4a:ca 2437 -69 72037
1c:af:f7:4b:57:ce 2467 -72 72037
70:f9:6d:2f:be:e1 5765 -72 72037
70:f9:6d:2f:be:e0 5765 -70 72037
a8:15:4d:34:18:5e 2412 -63 72037
0c:72:2c:24:2a:ea 2467 -80 72037
ec:88:8f:fd:97:53 2462 -91 72037
70:f9:6d:2f:be:f1 2412 -43 72037
70:f9:6d:30:77:51 2437 -78 72037
70:f9:6d:2f:cc:81 5805 -61 72037
70:f9:6d:2f:cc:80 5805 -60 72038
14:cf:92:8d:39:3e 2437 -82 72038
14:e6:e4:94:e7:b8 2427 -88 72038
70:f9:6d:2d:f7:81 5745 -69 72038
40:18:b1:33:f7:94 2462 -81 72038
70:f9:6d:2d:f7:80 5745 -69 72038
70:f9:6d:2f:cc:91 2412 -59 72038
70:f9:6d:2d:f7:91 2412 -59 72038
70:f9:6d:2f:c2:81 5805 -90 72038
70:f9:6d:2f:cc:90 2412 -60 72038
70:f9:6d:2d:f7:90 2412 -59 72038
70:f9:6d:2d:b6:50 2412 -64 72038
70:f9:6d:2f:c2:80 5805 -89 72038
70:f9:6d:2f:c2:91 2462 -64 72038
70:f9:6d:2d:f2:a1 5805 -82 72038
70:f9:6d:2d:f4:31 2462 -85 72038
70:f9:6d:2f:c2:90 2462 -68 72038
70:f9:6d:2d:f2:a0 5805 -84 72038
08:10:77:67:48:40 2437 -79 72039
70:f9:6d:30:10:11 2462 -84 72039
14:e6:e4:4e:19:ce 2437 -76 72039
70:f9:6d:2f:c5:11 2437 -58 72039
70:f9:6d:2d:f8:71 2462 -75 72039
14:e6:e4:58:96:48 2412 -63 73034
28:2c:b2:7e:4a:ca 2437 -59 73034
1c:af:f7:4b:57:ce 2467 -87 73034
70:f9:6d:2f:be:e1 5765 -82 73035
70:f9:6d:2f:be:e0 5765 -84 73035
a8:15:4d:34:18:5e 2412 -57 73035
0c:72:2c:24:2a:ea 2467 -81 73035
ec:88:8f:fd:97:53 2462 -91 73035
70:f9:6d:2f:be:f1 2412 -76 73035
70:f9:6d:30:77:51 2437 -78 73035
70:f9:6d:2f:cc:81 5805 -82 73035
70:f9:6d:2f:cc:80 5805 -82 73035
14:cf:92:8d:39:3e 2437 -82 73035
14:e6:e4:94:e7:b8 2427 -88 73035
70:f9:6d:2d:f7:81 5745 -69 73035
40:18:b1:33:f7:94 2462 -81 73035
70:f9:6d:2d:f7:80 5745 -91 73035
70:f9:6d:2f:cc:91 2412 -59 73035
70:f9:6d:2d:f7:91 2412 -59 73035
70:f9:6d:2f:c2:81 5805 -90 73035
70:f9:6d:2f:cc:90 2412 -60 73035
70:f9:6d:2d:f7:90 2412 -59 73036
70:f9:6d:2d:b6:50 2412 -64 73036
70:f9:6d:2f:c2:80 5805 -89 73036
70:f9:6d:2f:c2:91 2462 -64 73042
70:f9:6d:2d:f2:a1 5805 -82 73042
70:f9:6d:2d:f4:31 2462 -85 73043
70:f9:6d:2f:c2:90 2462 -68 73043
70:f9:6d:2d:f2:a0 5805 -84 73043
08:10:77:67:48:40 2437 -79 73043
70:f9:6d:30:10:11 2462 -84 73043
14:e6:e4:4e:19:ce 2437 -91 73044
70:f9:6d:2f:c5:11 2437 -58 73044
70:f9:6d:2d:f8:71 2462 -75 73044
14:e6:e4:58:96:48 2412 -66 74037
28:2c:b2:7e:4a:ca 2437 -61 74038
1c:af:f7:4b:57:ce 2467 -90 74038
70:f9:6d:2f:be:e1 5765 -83 74038
70:f9:6d:2f:be:e0 5765 -83 74038
a8:15:4d:34:18:5e 2412 -57 74038
0c:72:2c:24:2a:ea 2467 -77 74038
ec:88:8f:fd:97:53 2462 -91 74038
70:f9:6d:2f:be:f1 2412 -76 74038
70:f9:6d:30:77:51 2437 -78 74038
70:f9:6d:2f:cc:81 5805 -82 74038
70:f9:6d:2f:cc:80 5805 -82 74038
70:f9:6d:2d:f7:81 5745 -69 74038
40:18:b1:33:f7:94 2462 -81 74038
70:f9:6d:2d:f7:80 5745 -91 74038
70:f9:6d:2f:cc:91 2412 -59 74038
70:f9:6d:2d:f7:91 2412 -59 74038
70:f9:6d:2f:c2:81 5805 -90 74038
70:f9:6d:2f:cc:90 2412 -60 74039
70:f9:6d:2d:f7:90 2412 -59 74039
70:f9:6d:2d:b6:50 2412 -64 74039
70:f9:6d:2f:c2:80 5805 -89 74039
70:f9:6d:2d:f2:a1 5805 -82 74039
70:f9:6d:2d:f2:a0 5805 -84 74039
08:10:77:67:48:40 2437 -79 74039
14:e6:e4:4e:19:ce 2437 -91 74039
70:f9:6d:2f:c5:11 2437 -58 74039
70:f9:6d:2d:f8:71 2462 -75 74039
bc:d1:77:70:bc:d0 2412 -79 74039
70:f9:6d:2f:c5:01 5785 -86 74039
94:0c:6d:43:5a:7c 2472 -92 74039
70:f9:6d:2f:c5:10 2437 -78 74039
70:f9:6d:2d:f8:70 2462 -74 74039
70:f9:6d:2f:c5:00 5785 -86 74039
14:e6:e4:58:96:48 2412 -70 75036
28:2c:b2:7e:4a:ca 2437 -61 75037
1c:af:f7:4b:57:ce 2467 -90 75037
70:f9:6d:2f:be:e1 5765 -75 75037
70:f9:6d:2f:be:e0 5765 -75 75037
a8:15:4d:34:18:5e 2412 -52 75037
0c:72:2c:24:2a:ea 2467 -83 75037
70:f9:6d:2f:be:f1 2412 -76 75037
70:f9:6d:30:77:51 2437 -78 75037
70:f9:6d:2f:cc:81 5805 -91 75037
70:f9:6d:2f:cc:80 5805 -92 75037
70:f9:6d:2d:f7:81 5745 -69 75038
40:18:b1:33:f7:94 2462 -81 75038
70:f9:6d:2d:f7:80 5745 -91 75038
70:f9:6d:2f:cc:91 2412 -59 75038
70:f9:6d:2d:f7:91 2412 -59 75038
70:f9:6d:2f:c2:81 5805 -90 75038
70:f9:6d:2f:cc:90 2412 -60 75038
70:f9:6d:2d:f7:90 2412 -59 75038
70:f9:6d:2d:b6:50 2412 -64 75038
70:f9:6d:2f:c2:80 5805 -89 75038
70:f9:6d:2d:f2:a1 5805 -82 75038
70:f9:6d:2d:f2:a0 5805 -84 75038
14:e6:e4:4e:19:ce 2437 -91 75038
bc:d1:77:70:bc:d0 2412 -79 75038
94:0c:6d:43:5a:7c 2472 -92 75038
70:f9:6d:2f:c5:10 2437 -78 75038
08:10:73:0a:c2:34 2427 -90 75038
70:f9:6d:2d:b6:51 2412 -67 75039
70:f9:6d:2e:8a:51 2437 -81 75039
70:f9:6d:30:72:11 2412 -81 75039
70:f9:6d:2d:f2:b1 2437 -83 75039
40:18:b1:33:f1:54 2437 -85 75039
70:f9:6d:2d:f2:b0 2437 -76 75039
14:e6:e4:58:96:48 2412 -63 76037
28:2c:b2:7e:4a:ca 2437 -64 76037
1c:af:f7:4b:57:ce 2467 -88 76037
70:f9:6d:2f:be:e1 5765 -86 76037
70:f9:6d:2f:be:e0 5765 -86 76037
a8:15:4d:34:18:5e 2412 -51 76037
0c:72:2c:24:2a:ea 2467 -83 76037
70:f9:6d:2f:be:f1 2412 -76 76037
70:f9:6d:30:77:51 2437 -78 76037
70:f9:6d:2f:cc:81 5805 -92 76037
70:f9:6d:2f:cc:80 5805 -90 76038
70:f9:6d:2d:f7:81 5745 -69 76038
40:18:b1:33:f7:94 2462 -81 76038
70:f9:6d:2d:f7:80 5745 -91 76038
70:f9:6d:2f:cc:91 2412 -59 76038
70:f9:6d:2f:c2:81 5805 -90 76038
70:f9:6d:2f:cc:90 2412 -60 76038
70:f9:6d:2d:b6:50 2412 -64 76038
70:f9:6d:2f:c2:80 5805 -89 76038
14:e6:e4:4e:19:ce 2437 -91 76038
bc:d1:77:70:bc:d0 2412 -79 76038
94:0c:6d:43:5a:7c 2472 -92 76038
70:f9:6d:2f:c5:10 2437 -78 76038
70:f9:6d:2d:b6:51 2412 -67 76038
70:f9:6d:2e:8a:51 2437 -81 76038
70:f9:6d:30:72:11 2412 -81 76038
70:f9:6d:2d:f2:b1 2437 -83 76038
40:18:b1:33:f1:54 2437 -85 76038
70:f9:6d:2d:f2:b0 2437 -76 76039
70:f9:6d:2e:8a:50 2437 -79 76039
70:f9:6d:30:77:50 2437 -79 76048
74:ea:3a:60:3f:de 2412 -86 76048
08:10:77:39:41:33 2437 -90 76048
14:e6:e4:58:96:48 2412 -55 77033
28:2c:b2:7e:4a:ca 2437 -53 77033
1c:af:f7:4b:57:ce 2467 -88 77033
70:f9:6d:2f:be:e1 5765 -89 77033
70:f9:6d:2f:be:e0 5765 -90 77033
a8:15:4d:34:18:5e 2412 -63 77033
0c:72:2c:24:2a:ea 2467 -80 77033
70:f9:6d:2f:be:f1 2412 -76 77033
70:f9:6d:2f:cc:81 5805 -90 77033
70:f9:6d:2f:cc:80 5805 -90 77033
70:f9:6d:2d:f7:80 5745 -91 77033
70:f9:6d:2f:cc:90 2412 -81 77033
14:e6:e4:4e:19:ce 2437 -86 77033
94:0c:6d:43:5a:7c 2472 -85 77033
70:f9:6d:2f:c5:10 2437 -78 77033
74:ea:3a:60:3f:de 2412 -86 77033
08:10:77:39:41:33 2437 -90 77033
00:36:76:31:c4:69 2462 -92 77033
14:e6:e4:58:96:48 2412 -57 78032
28:2c:b2:7e:4a:ca 2437 -54 78033
1c:af:f7:4b:57:ce 2467 -91 78033
70:f9:6d:2f:be:e1 5765 -91 78033
70:f9:6d:2f:be:e0 5765 -93 78033
a8:15:4d:34:18:5e 2412 -65 78033
0c:72:2c:24:2a:ea 2467 -80 78033
70:f9:6d:2f:cc:81 5805 -86 78036
70:f9:6d:2f:cc:80 5805 -89 78036
70:f9:6d:2f:cc:90 2412 -81 78036
14:e6:e4:4e:19:ce 2437 -81 78036
94:0c:6d:43:5a:7c 2472 -84 78036
70:f9:6d:2f:c5:10 2437 -74 78036
08:10:77:39:41:33 2437 -90 78036
00:36:76:31:c4:69 2462 -88 78036
70:f9:6d:2f:c5:11 2437 -68 78036
28:2c:b2:b7:8e:68 2412 -79 78036
14:e6:e4:58:96:48 2412 -44 79033
28:2c:b2:7e:4a:ca 2437 -56 79033
1c:af:f7:4b:57:ce 2467 -84 79033
70:f9:6d:2f:be:e1 5765 -78 79033
70:f9:6d:2f:be:e0 5765 -78 79033
a8:15:4d:34:18:5e 2412 -63 79033
0c:72:2c:24:2a:ea 2467 -83 79033
70:f9:6d:2f:cc:81 5805 -82 79034
70:f9:6d:2f:cc:80 5805 -82 79034
70:f9:6d:2f:cc:90 2412 -81 79034
14:e6:e4:4e:19:ce 2437 -93 79034
94:0c:6d:43:5a:7c 2472 -84 79034
70:f9:6d:2f:c5:10 2437 -74 79034
08:10:77:39:41:33 2437 -90 79034
00:36:76:31:c4:69 2462 -88 79034
70:f9:6d:2f:c5:11 2437 -68 79034
28:2c:b2:b7:8e:68 2412 -79 79034
14:e6:e4:58:96:48 2412 -48 80033
28:2c:b2:7e:4a:ca 2437 -46 80033
1c:af:f7:4b:57:ce 2467 -92 80033
70:f9:6d:2f:be:e1 5765 -89 80034
70:f9:6d:2f:be:e0 5765 -85 80034
a8:15:4d:34:18:5e 2412 -78 80034
0c:72:2c:24:2a:ea 2467 -87 80034
70:f9:6d:2f:cc:81 5805 -89 80034
70:f9:6d:2f:cc:80 5805 -89 80036
70:f9:6d:2f:cc:90 2412 -81 80036
14:e6:e4:4e:19:ce 2437 -81 80036
94:0c:6d:43:5a:7c 2472 -84 80036
70:f9:6d:2f:c5:10 2437 -74 80036
00:36:76:31:c4:69 2462 -88 80036
70:f9:6d:2f:c5:11 2437 -68 80036
28:2c:b2:b7:8e:68 2412 -79 80037
28:2c:b2:16:6a:b2 2462 -91 80037
14:e6:e4:58:96:48 2412 -47 81035
28:2c:b2:7e:4a:ca 2437 -47 81035
1c:af:f7:4b:57:ce 2467 -84 81035
70:f9:6d:2f:be:e1 5765 -84 81035
70:f9:6d:2f:be:e0 5765 -84 81035
a8:15:4d:34:18:5e 2412 -72 81035
0c:72:2c:24:2a:ea 2467 -82 81035
70:f9:6d:2f:cc:81 5805 -88 81036
70:f9:6d:2f:cc:80 5805 -85 81036
70:f9:6d:2f:cc:90 2412 -77 81036
14:e6:e4:4e:19:ce 2437 -77 81036
94:0c:6d:43:5a:7c 2472 -85 81036
70:f9:6d:2f:c5:10 2437 -74 81036
00:36:76:31:c4:69 2462 -88 81036
70:f9:6d:2f:c5:11 2437 -68 81036
28:2c:b2:b7:8e:68 2412 -79 81036
28:2c:b2:16:6a:b2 2462 -85 81036
70:f9:6d:2f:cc:91 2412 -76 81036
14:e6:e4:58:96:48 2412 -46 82034
28:2c:b2:7e:4a:ca 2437 -44 82034
1c:af:f7:4b:57:ce 2467 -86 82034
70:f9:6d:2f:be:e1 5765 -84 82034
70:f9:6d:2f:be:e0 5765 -84 82040
a8:15:4d:34:18:5e 2412 -78 82040
0c:72:2c:24:2a:ea 2467 -80 82040
70:f9:6d:2f:cc:81 5805 -88 82040
70:f9:6d:2f:cc:80 5805 -88 82040
70:f9:6d:2f:cc:90 2412 -77 82040
14:e6:e4:4e:19:ce 2437 -83 82040
94:0c:6d:43:5a:7c 2472 -79 82040
00:36:76:31:c4:69 2462 -88 82040
28:2c:b2:16:6a:b2 2462 -85 82040
70:f9:6d:2f:cc:91 2412 -76 82041
08:10:77:39:41:33 2437 -86 82041
