9.337
9.6017
9.74202
9.66051
9.2481
9.26165
9.52304
9.21872
9.23779
9.47795
9.27252
9.11747
8.83663
9.36459
9.54835
9.6236
9.04025
8.89166
9.13443
9.52367
10.184
10.8501
10.6675
9.74398
8.44486
8.12026
7.89044
8.92346
9.43056
10.1731
10.4786
10.1875
10.2153
9.60507
9.43237
8.81913
8.93657
10.1675
10.5094
11.6279
11.5918
10.5902
10.7444
10.031
9.18615
8.00077
7.85362
8.00502
8.29896
9.25665
11.8886
11.3652
10.369
8.69811
7.58343
6.8244
7.42314
8.29125
8.71032
9.15151
9.41671
9.13528
9.37229
10.3662
10.2244
9.98047
9.78542
11.2727
12.085
11.8132
12.3647
12.3166
9.03758
8.64733
6.7713
7.34996
9.6062
10.3772
9.79091
9.21969
7.88656
7.97088
6.70453
8.74003
9.45233
9.16438
9.85602
10.3402
10.6491
10.1976
9.59282
9.16822
8.76946
10.8088
13.1376
13.9497
10.7881
8.3051
6.3403
6.72954
10.0216
11.2157
11.3192
9.18837
8.17921
7.20903
7.07497
8.88902
8.91247
8.7946
8.83285
9.75525
10.1829
10.9869
10.8161
11.614
11.6431
11.849
12.9649
12.5021
9.75272
7.02221
5.60665
6.35265
8.21653
9.25368
8.85716
7.81479
7.02369
6.79666
7.94611
8.77112
10.0819
10.5106
10.2282
10.2066
10.1321
10.2012
10.7391
10.1626
11.7911
13.1353
11.9846
7.77499
6.22751
7.68852
10.3926
11.4248
11.563
8.06872
6.19322
6.53958
7.21457
7.94014
8.48647
9.86159
9.24456
9.87315
9.97607
11.725
12.3009
12.0885
11.0339
9.59521
10.6751
13.0348
13.4662
9.49937
7.22406
6.70381
7.91183
8.98148
8.55562
7.27902
7.37865
7.60277
8.00002
9.135
9.38169
9.79877
10.3188
10.1839
10.6105
11.4631
12.038
11.1232
13.6597
14.9692
11.2844
7.69287
5.59808
6.40797
8.8491
9.46892
9.73027
8.57362
7.74207
7.14582
7.59725
7.57322
8.76932
9.1814
9.30628
10.1857
11.2014
11.3318
11.7374
10.6789
10.6451
13.0682
14.5049
10.9081
9.38727
6.30851
6.71993
9.2384
9.45665
7.56244
6.55568
6.50434
6.8983
7.83892
9.09854
9.50295
9.4713
9.90385
10.5948
11.1312
11.0452
11.181
10.6425
13.0007
14.1761
13.5078
9.16344
7.50831
6.20971
7.46717
9.40839
9.40839
8.27017
7.29409
6.77411
7.6885
8.5799
9.26046
9.43066
9.14458
9.67145
10.3512
11.2055
11.8767
10.8538
10.2878
11.9703
15.6347
14.2327
6.43124
5.10784
6.25967
8.43386
10.6719
9.91266
6.38295
6.19398
7.28783
7.9278
8.6952
9.11859
10.4217
10.7162
11.0261
11.1628
11.0456
11.2448
10.3771
12.2399
13.565
12.6069
9.60875
6.11259
5.9162
8.95101
10.1934
10.0318
8.15786
6.99901
7.20134
8.50864
9.04976
9.88289
9.49928
9.10508
9.91279
10.7129
11.0044
11.4414
9.95927
9.48831
10.7781
13.6257
14.1071
9.33177
6.4401
8.12071
9.37343
8.77618
6.51153
6.00911
6.24797
7.08941
8.52614
9.12329
10.0715
10.5232
10.9246
10.8154
10.8281
10.8195
12.3931
14.936
15.3304
10.7526
5.96548
5.10415
8.0081
9.59684
10.7564
10.2054
8.35289
6.2149
6.03653
7.23885
8.31869
9.57889
9.79894
10.924
10.8999
11.8041
11.7564
11.2929
11.0409
12.2435
12.926
11.18
8.9791
6.78718
7.52498
9.30435
9.06124
7.31747
6.13303
6.01688
6.99354
7.96041
9.06034
10.0172
10.3584
10.8719
11.1212
11.7344
11.6323
10.8388
12.601
14.1795
13.4712
8.50794
5.56688
7.10321
8.49768
9.76894
8.95491
7.94256
7.16512
7.1388
7.17615
8.14058
9.61855
10.8419
10.3271
10.7754
12.2257
12.913
12.1527
10.647
12.9351
15.9851
12.9964
8.94663
3.99687
3.77576
7.13086
8.70913
9.01693
7.37766
6.42444
7.14732
7.55525
9.04936
9.45874
10.0501
9.95924
10.7913
11.4053
12.1796
12.7095
12.2567
13.0694
14.7675
10.5102
5.93237
5.35263
7.36716
9.07015
10.1086
8.97872
7.16844
6.52238
6.82716
7.18047
8.84132
9.4264
10.276
10.5741
11.8719
11.8761
11.6872
11.2678
10.0448
12.4223
13.715
11.2328
7.26509
6.47819
7.30704
7.97525
6.97603
6.51341
6.90112
7.85093
8.33747
9.11174
9.67995
10.1844
9.91148
10.3755
11.1413
12.0924
12.4561
11.9168
13.4933
14.4728
11.1133
6.22623
4.81374
6.85795
8.58026
10.8844
10.8616
8.5776
7.14689
6.35347
8.57793
9.58305
10.0194
10.5896
11.0932
11.0315
11.5113
11.4626
10.0069
10.5241
11.7701
13.6737
9.71512
7.25382
6.2185
7.66257
8.64577
7.62033
6.60529
6.20407
6.87812
7.90342
9.30016
9.88837
10.6909
10.7826
11.3961
11.8306
11.4056
10.3135
12.8974
14.9062
10.6063
7.00909
5.42971
7.31659
9.23899
11.2523
10.039
6.99673
6.38656
7.08922
7.61542
9.01046
9.29108
10.0293
10.5045
11.2258
11.8325
11.5813
10.4085
9.47536
12.1303
15.6155
11.8181
6.74798
4.99909
6.64221
9.05206
8.79703
6.54866
5.58801
6.63867
7.82369
10.172
11.1791
10.7946
10.6828
10.4452
10.5108
11.4195
11.5427
11.2416
13.5194
14.4948
11.9764
5.68502
5.20054
8.33456
9.40832
9.46354
8.67319
7.27613
7.11069
7.92041
8.80087
10.104
10.9004
9.96083
10.2952
11.5839
11.8093
11.6081
10.5912
10.7533
12.8656
15.8149
9.49882
5.79557
4.95494
7.28991
8.44181
7.7283
5.70567
5.41633
7.08194
7.73307
9.24473
9.75796
10.78
10.3961
10.2727
10.6104
11.437
11.2235
11.3519
13.2522
15.1288
11.2057
6.84685
6.41701
8.72503
9.78901
9.80014
8.7004
7.46859
7.00704
7.29779
7.62995
8.5888
9.26901
9.67748
10.1394
10.2878
11.3868
11.1552
10.6493
10.1079
13.1473
15.4319
13.1744
9.67529
5.8679
5.58488
8.60001
9.60867
7.80026
6.79107
6.28972
6.79789
8.37191
8.88203
10.1305
10.5672
10.7109
10.4336
10.7699
11.1436
10.5551
11.8244
12.8652
13.3346
9.79707
6.22592
5.87054
8.52556
9.3258
11.9067
11.6147
8.60382
7.43199
6.89421
7.31671
8.90893
9.38954
9.74128
9.73977
10.1003
11.1203
11.5285
11.2052
12.0664
13.4669
13.3579
9.41775
5.27221
4.85955
8.1608
10.3776
10.9683
7.97813
6.27253
6.37378
7.66066
9.02718
9.00628
10.0101
10.3028
10.5628
10.7529
11.2581
11.2682
10.1462
11.5461
15.1211
12.604
7.3462
6.0324
7.08043
9.27644
11.36
10.0341
7.50161
6.0188
6.54011
7.27599
8.92552
10.014
11.0162
10.4231
10.0844
10.9569
11.6123
11.3988
9.19526
10.8024
14.1425
13.4249
9.95215
5.45691
5.63878
8.8512
10.0851
7.41316
6.86403
6.43059
7.21277
8.16025
9.06701
10.143
10.9646
10.9826
10.6074
10.0067
10.9896
11.5397
10.6039
13.1774
14.2895
9.78796
6.42534
4.5422
6.35756
8.57941
11.4953
10.8573
8.36618
7.57401
7.6786
8.07581
8.80306
10.205
9.94157
9.67113
9.84754
10.6056
11.973
11.9019
10.1192
11.3182
12.9363
13.3283
7.88734
7.34933
7.29625
8.89033
10.4785
8.82358
6.56404
6.22903
7.30885
7.94326
9.10592
9.96492
11.0708
11.4653
11.013
10.4147
10.3302
10.0732
10.9348
12.074
13.4128
10.2418
7.16043
6.30168
6.7793
10.6032
11.3775
10.7508
8.88574
6.79001
6.60022
7.25146
8.28277
9.9001
10.4277
9.88638
10.4546
11.9154
12.1308
11.3113
12.1216
13.8633
13.7345
10.1422
6.81542
6.31078
7.96423
9.63272
9.929
7.46636
6.10316
6.38596
8.03189
8.98022
9.93527
10.5225
10.6124
10.5825
10.4172
10.9294
10.7281
10.3897
13.1542
13.7178
11.8114
7.76219
5.96383
6.93197
9.33005
10.0042
9.78148
8.06956
7.05164
6.8038
7.68443
8.75157
9.42369
10.0904
10.1033
10.406
10.6036
11.3585
10.7232
9.94739
11.632
16.1392
14.7376
8.26044
5.81196
6.57381
8.45476
8.59179
7.55114
6.03976
6.77497
8.07617
9.05274
9.3826
10.1012
10.6381
10.6608
10.3285
10.4529
11.1692
11.1886
12.0846
14.9582
12.8723
7.61173
5.38274
7.33974
9.2643
10.7343
10.7668
8.04684
6.75785
6.21934
6.83703
7.97304
8.99856
10.3611
10.4918
10.0708
10.915
11.6844
10.6505
10.7574
12.2552
14.2411
10.3531
7.9549
5.93085
7.24999
8.63086
9.431
6.86211
6.12592
6.72429
7.67862
8.87246
9.21068
9.98119
10.3233
10.8638
10.7782
11.4084
11.5631
12.0192
12.6873
12.8331
10.8799
8.19557
5.88616
6.20929
9.15791
10.7745
10.9334
8.70061
7.07035
6.50862
7.44791
8.2889
9.92889
10.3096
9.94906
9.90316
11.2645
11.5592
10.9189
10.6768
11.5044
13.2105
11.1736
8.84014
6.91655
6.99652
8.47323
8.93513
6.87075
5.86579
6.70544
7.49665
8.45873
9.39681
9.53274
10.3501
10.5384
10.5228
11.1042
11.3026
10.1382
12.1482
14.7017
9.78019
7.75684
5.50176
6.57274
10.2877
10.6383
8.62136
7.68605
7.08414
7.51445
8.59598
8.92841
9.98153
10.4076
10.4603
10.5169
11.9192
11.6995
10.5731
12.0187
14.4249
15.3908
10.9951
6.02865
5.52408
6.92539
7.69658
7.8546
7.13137
6.17248
6.49979
7.92692
9.21153
11.0046
11.6442
11.3961
10.8945
10.6726
10.8096
10.3595
9.60687
11.6147
12.1079
9.65773
7.28718
6.28367
7.81996
10.9914
11.7194
10.8647
7.3802
6.74054
6.46985
7.77504
9.00127
9.93122
9.94318
10.1308
12.4165
12.9374
11.9069
10.7462
12.9972
14.1988
12.1413
8.7732
6.15531
7.04437
8.13212
7.54534
6.23908
5.78185
6.53298
8.12821
9.4329
10.558
10.641
9.60346
9.41166
9.94157
10.5389
11.107
10.7455
13.8883
16.3418
11.1884
9.07034
5.15966
6.60792
9.66584
10.9232
9.60794
7.7128
6.61003
6.84915
7.30658
8.43425
9.59364
9.50043
9.38118
9.60216
10.8472
11.422
12.2124
11.0256
11.7749
13.9512
14.1923
10.3885
6.84902
7.48505
8.73266
9.5162
7.9692
6.03557
5.96242
7.52571
8.66077
9.1324
9.36783
9.99365
10.4509
10.741
11.0232
11.2046
10.5765
12.7462
14.0708
10.64
7.82556
5.35722
5.33964
8.63091
10.5466
11.5778
9.59599
7.22183
6.41914
7.17627
8.53009
9.67872
11.3997
11.8826
11.1923
10.9946
10.2313
9.93638
10.9249
15.0062
12.2118
8.53858
5.11548
5.21878
9.16337
10.168
8.51203
6.70562
6.169
7.01736
8.34934
8.891
9.95098
10.7283
10.6887
10.7228
10.7481
10.8336
10.0728
12.226
15.2582
12.4032
7.32761
5.16648
6.35079
8.74671
10.0062
10.9616
9.58843
7.39883
7.28875
8.08075
8.4795
10.2208
10.3838
10.3846
10.8917
12.2863
11.9508
10.827
12.3575
15.0671
13.2993
8.15834
5.64548
6.24713
8.3634
9.38392
8.37251
6.36145
5.55642
6.18974
7.55138
8.90724
9.90884
10.9574
10.9899
11.4937
11.1346
11.7926
10.5343
10.72
13.8996
15.2014
8.69587
5.1109
7.01765
9.13943
10.5419
9.95711
7.07147
7.02933
6.94236
7.2469
9.42604
10.8525
12.3621
11.1463
10.818
11.527
12.6433
11.5833
10.4191
12.1008
14.1521
11.8418
7.56953
4.26537
4.59332
8.3171
8.98948
8.42886
7.46251
6.87445
7.1231
9.22815
9.88326
10.5348
10.5286
11.072
11.3936
11.4578
11.0018
10.2274
12.1502
12.8359
10.2365
7.37622
6.56677
7.87054
9.77288
10.9544
9.41149
7.39918
6.65941
7.59953
7.84016
7.88769
8.89838
10.2324
10.6731
11.6966
12.7954
12.6671
11.3288
10.6275
14.1429
14.044
8.5901
7.50315
7.17867
8.41186
7.77582
6.6283
5.67934
5.93674
7.46561
8.03737
9.14631
10.1306
10.829
10.8919
10.4966
11.5647
11.1997
10.5362
12.9852
14.6806
12.8451
7.39014
5.2928
7.88237
9.42353
10.4431
8.768
7.07342
6.26738
7.11376
7.71851
9.30296
10.1877
10.9097
10.0566
10.7203
11.5939
11.8488
10.5801
10.657
13.4884
13.2569
10.034
8.11131
7.70056
8.40618
8.90257
7.80468
5.80495
5.77842
6.06618
7.3292
9.52402
10.7693
11.7283
11.1884
10.0289
10.4925
11.2457
10.3162
13.1741
14.873
11.199
7.65097
5.09904
6.77221
8.69925
10.5057
10.5588
7.11344
6.92649
6.47152
6.98102
7.93517
8.78227
10.3229
10.7663
11.1606
11.8672
12.1473
11.0326
11.9095
12.6059
13.4804
10.9983
8.59358
7.14768
8.69671
9.31976
8.6537
6.17119
5.91535
7.03712
8.13645
8.65569
9.80184
10.1988
9.87782
9.43256
9.88237
10.7432
10.9954
10.6421
12.1073
15.5933
11.8735
7.62536
7.06571
9.78817
10.3964
8.4817
7.64487
6.78809
7.10398
8.10409
9.07278
9.78315
10.5142
10.4934
9.8342
10.348
11.3968
11.9591
10.1546
9.52649
11.6779
13.8295
13.0489
7.7404
6.16417
7.40824
9.36434
8.90331
6.83284
6.25612
7.21009
7.22787
8.02473
8.88352
10.1895
10.49
10.664
10.9768
11.0911
11.2847
10.7122
11.4435
14.2764
14.2292
10.8439
5.74792
5.97612
9.5091
10.3473
9.45936
7.36066
6.56699
6.66391
7.65355
8.35853
9.54328
10.4374
10.8775
11.1501
11.5743
11.2573
10.8688
10.679
13.0543
13.5501
10.3734
8.46737
7.58064
8.42897
9.1073
8.15588
6.84092
5.80391
6.21238
7.36707
8.00645
9.10836
9.92882
10.1377
9.97869
11.0635
11.3205
11.6316
11.6631
14.0083
15.5811
10.0086
6.52569
4.89605
6.70652
9.74093
10.9781
10.0471
7.94393
6.56659
6.3613
7.60874
8.60463
10.0219
11.2825
11.3327
11.6559
11.7504
11.5135
10.8025
11.7671
13.0567
11.609
10.241
7.16406
5.99424
9.04997
10.1012
7.81953
6.50371
5.99374
7.34611
8.11548
8.92154
10.1808
10.662
10.6035
10.9685
11.8347
12.0904
10.7234
12.2394
14.6737
12.2317
6.64073
4.95815
6.03251
8.30327
9.91192
11.221
8.44198
6.94742
6.24476
7.50266
8.58195
9.71768
10.9676
10.0556
9.9332
11.1955
11.5972
11.327
9.89576
12.4343
13.5939
10.9432
8.88875
7.44856
9.26833
10.4259
8.49241
5.63344
5.13395
6.22181
6.99017
8.33209
8.9517
10.4624
11.4725
11.3883
10.8096
11.3946
11.3684
10.2416
12.3975
15.3314
12.2805
9.42275
4.62347
7.41513
9.52159
9.89721
8.44762
6.95112
6.58189
6.546
8.24672
8.74529
10.3428
11.0658
10.7277
10.259
11.4302
11.9162
10.4844
10.4942
13.8238
15.79
11.2337
8.13665
4.95595
6.65077
8.59098
8.36885
6.38067
5.95458
6.10847
7.86339
9.01734
9.95019
10.3051
11.4641
11.6872
12.3838
12.6128
10.8116
11.7068
13.2079
13.2564
8.26747
6.41992
5.90085
8.82423
10.4673
10.1912
7.61185
6.98892
6.93488
7.46689
8.18939
9.05175
10.3217
11.1409
10.9119
11.2992
11.6523
11.1981
10.1623
11.9377
13.86
13.5524
9.80109
5.98723
6.14305
8.85628
10.3137
9.00744
6.77296
6.56844
7.12556
8.29083
9.12901
10.4942
11.0711
10.2215
10.1739
11.1786
11.5443
11.5313
9.96882
12.1099
12.9234
8.55994
6.37489
7.35949
9.21228
10.8506
10.2827
8.47418
7.26258
6.86316
7.24088
7.67502
9.50964
9.96775
10.6406
10.6317
10.9402
11.2712
11.2834
10.0224
12.1039
14.1331
11.9226
10.6093
5.09486
6.31546
8.80541
10.1017
8.03843
6.71186
6.38678
7.06248
8.20558
9.07682
10.3573
11.3237
11.0356
10.3752
10.6492
11.29
11.1165
11.318
13.5024
12.8766
9.73477
6.2472
6.38562
9.79397
10.5934
11.7762
10.0404
6.93629
6.60351
6.7118
6.78736
7.3734
8.90868
9.59845
9.85706
10.9472
11.8271
12.7668
11.72
10.5436
11.9916
11.8469
9.69572
5.9768
5.27129
7.5718
9.81327
11.6733
8.78518
7.62963
7.26785
8.16785
8.42712
8.98916
10.2976
10.8804
10.4392
10.6785
12.2224
11.9884
11.4907
12.8379
11.8989
9.60676
5.81207
5.95585
8.77394
10.4053
10.7386
9.162
7.74886
6.80425
6.9378
7.29795
8.4392
9.91936
10.85
10.7582
10.2477
11.3543
11.9142
11.161
10.8303
12.2826
11.377
8.8689
6.74357
6.89114
7.80693
9.47203
10.2342
8.00574
7.0064
7.7856
8.66649
9.99787
10.3221
10.891
10.5873
10.3204
10.6894
11.1336
10.3315
12.3228
13.0447
12.3797
9.44522
5.41933
5.05621
8.14294
9.95447
11.5984
8.28563
7.21339
6.57409
7.42227
8.5637
10.1312
10.7062
10.9334
10.604
11.5797
11.8861
10.9517
10.0716
11.249
12.358
12.0909
8.79853
6.79555
7.02917
8.46681
9.53093
8.43199
6.30621
6.49191
6.90671
7.95017
8.41404
9.14366
10.4993
10.5019
10.9071
11.6466
12.5241
11.7969
11.8776
13.552
12.4548
8.93433
5.6586
5.1429
8.61003
9.74918
10.2247
9.70456
7.50915
7.3466
7.69608
8.42466
9.4046
9.9913
10.4698
10.6723
11.4467
11.7807
10.5814
10.1445
11.7523
12.6717
11.4248
9.12844
6.51348
7.19787
9.06709
8.94654
7.29156
6.51298
6.17367
7.22103
8.25112
9.90732
10.3138
9.95564
10.0742
11.4919
11.7553
10.9245
10.9251
13.5013
13.6607
8.35791
6.58646
6.80115
8.81605
10.3762
10.5756
8.77174
7.12067
6.56118
7.04394
7.87625
9.4914
10.554
10.7885
9.88577
10.1048
11.2831
10.8601
10.4753
10.7829
13.2719
16.2307
12.7226
5.98159
5.24871
8.18004
8.46134
6.25825
5.81936
6.00362
6.63179
8.07265
8.86901
11.0863
11.1101
10.5979
10.4953
11.3552
11.4387
9.75884
9.63168
14.019
13.7311
8.60618
6.70397
9.17458
10.8448
12.5018
9.7164
7.60239
6.10745
5.73154
7.06226
7.16426
9.79632
10.4733
10.1958
10.6648
11.8538
11.2527
9.52825
9.57548
12.4999
12.9293
12.4651
9.70147
8.12188
8.25601
8.66059
8.70011
7.46671
5.97416
6.38928
7.43051
7.98958
9.25347
9.86481
10.2472
10.2497
10.732
10.9335
11.058
10.7736
12.3479
13.5849
11.4801
8.46598
6.36243
7.3155
9.04613
10.2164
10.3609
7.26209
6.93089
6.932
7.16037
8.49824
9.1149
9.86664
9.6893
11.5651
12.0425
11.8002
11.5716
10.355
10.5817
13.105
11.7987
7.85887
5.87595
7.17955
8.73515
10.9098
9.90217
7.76416
7.03705
7.19159
7.68512
8.35736
9.39092
9.86193
10.3635
10.674
10.6362
11.1918
10.8076
10.5019
13.94
14.9694
9.79691
6.62753
5.58535
7.0081
9.15416
10.1335
8.83149
8.32376
6.75515
6.84758
7.83236
8.85533
10.1403
10.2084
10.1809
9.96765
10.9112
10.9785
10.7518
10.3192
11.4212
13.8385
14.7479
10.8066
5.82185
5.1019
8.97304
10.4289
10.0975
7.45227
6.26094
7.26728
7.83492
9.11269
9.30285
9.78115
9.92945
9.98753
10.0192
10.5902
10.8989
10.9328
12.4786
14.4988
10.9337
6.65646
5.76573
7.22244
8.9944
10.8879
11.6306
11.6484
11.6484
6.74703
7.74367
8.14614
9.34359
9.41155
9.6388
9.51837
9.57024
10.1083
11.9843
10.3383
7.81671
11.7841
16.3752
15.0297
11.3052
10.3418
10.4835
10.0214
9.76915
7.99525
7.40557
7.66614
8.88496
8.2632
8.15683
8.29955
8.41739
9.3645
10.0305
9.17809
8.96976
8.82427
8.60318
9.1543
10.9572
10.5866
