0.0246814
0.0198198
0.0151402
0.00821147
0.000313294
-0.00816497
-0.0158541
-0.0212906
-0.0231717
-0.0210351
-0.0155816
-0.00858973
-0.0023327
0.00122375
0.00113234
-0.00222629
-0.00731598
-0.0120618
-0.0146842
-0.0144905
-0.0122883
-0.0101967
-0.0108036
-0.0159441
-0.0255957
-0.0374439
-0.0473926
-0.0509043
-0.0446541
-0.0278696
-0.00282555
0.0257093
0.0519158
0.0708009
0.0798561
0.0798956
0.0746587
0.0692668
0.0680666
0.0727854
0.0817526
0.0905336
0.0936246
0.0865101
0.0672589
0.037165
0.000281677
-0.0378818
-0.0720627
-0.0987697
-0.117136
-0.128737
-0.13641
-0.142521
-0.147501
-0.149353
-0.144453
-0.129253
-0.102081
-0.0641615
-0.0193431
0.0272204
0.0707757
0.108182
0.13821
0.160933
0.176729
0.185388
0.18578
0.17613
0.154821
0.121345
0.0771011
0.0256148
-0.027966
-0.0780778
-0.120121
-0.151416
-0.17119
-0.179773
-0.17759
-0.164772
-0.141558
-0.109139
-0.0701168
-0.0281777
0.0128929
0.0501769
0.0820588
0.107993
0.127938
0.141822
0.149202
0.149094
0.139984
0.120179
0.0886267
0.0459674
-0.00472017
-0.0580909
-0.107651
-0.147331
-0.172709
-0.181446
-0.17309
-0.148729
-0.110839
-0.0632318
-0.0107165
0.0416774
0.0896777
0.130415
0.162408
0.184974
0.197514
0.199097
0.18853
0.164765
0.127439
0.0773814
0.0170233
-0.0493996
-0.116055
-0.176254
-0.223596
-0.253136
-0.262181
-0.25057
-0.220504
-0.176009
-0.122112
-0.063814
-0.0052391
0.0507127
0.10204
0.146967
0.183366
0.208694
0.220373
0.216414
0.195906
0.159356
0.108923
0.0485764
-0.016025
-0.0782768
-0.131981
-0.172782
-0.198873
-0.210505
-0.20868
-0.193962
-0.166273
-0.125683
-0.0735373
-0.0130412
0.0510036
0.113055
0.167728
0.210402
0.23755
0.246973
0.238009
0.211566
0.169827
0.115695
0.0523404
-0.016811
-0.0876664
-0.155045
-0.212739
-0.254224
-0.273882
-0.268359
-0.237651
-0.185452
-0.118507
-0.0450372
0.0271765
0.0923045
0.147018
0.190065
0.221254
0.240424
0.246776
0.238782
0.214584
0.172865
0.113965
0.040921
-0.0401769
-0.120887
-0.192104
-0.245978
-0.277299
-0.283901
-0.266389
-0.227568
-0.171899
-0.104883
-0.0323659
0.040165
0.107959
0.167048
0.214041
0.24608
0.261011
0.25773
0.236333
0.197997
0.144706
0.0791888
0.00512361
-0.0725873
-0.147906
-0.214202
-0.265074
-0.295133
-0.300689
-0.280399
-0.235809
-0.171493
-0.0944193
-0.012661
0.0661449
0.135909
0.192506
0.233567
0.258031
0.265706
0.256916
0.232198
0.192182
0.137827
0.0711245
-0.00414377
-0.0821084
-0.155409
-0.216409
-0.25851
-0.277065
-0.269962
-0.238003
-0.18506
-0.117625
-0.0435713
0.0295162
0.0956897
0.151082
0.193496
0.221652
0.234658
0.231906
0.213214
0.17897
0.130265
0.0691853
-0.000698072
-0.0739918
-0.143773
-0.202676
-0.244303
-0.264357
-0.26111
-0.235412
-0.190431
-0.131199
-0.0638274
0.00547641
0.0712786
0.129298
0.17634
0.210059
0.228884
0.23209
0.219849
0.193073
0.153205
0.102203
0.0428939
-0.0206426
-0.0831303
-0.138875
-0.182871
-0.211588
-0.223036
-0.216404
-0.191853
-0.150739
-0.0959722
-0.0320803
0.0352261
0.0997431
0.155481
0.197259
0.221283
0.225658
0.210694
0.178711
0.133318
0.0784182
0.0175181
-0.0462684
-0.10958
-0.168082
-0.216314
-0.248431
-0.25965
-0.247736
-0.213816
-0.16206
-0.0984069
-0.029011
0.0408251
0.106868
0.165512
0.21326
0.246537
0.261967
0.256856
0.229755
0.181077
0.113766
0.033748
-0.0503781
-0.128687
-0.19199
-0.233756
-0.25107
-0.244436
-0.216779
-0.172272
-0.11542
-0.0505967
0.0179844
0.0860029
0.14874
0.201071
0.237928
0.255142
0.250319
0.223349
0.176358
0.113259
0.0392126
-0.0397728
-0.117137
-0.186137
-0.2404
-0.274621
-0.285276
-0.271235
-0.234072
-0.177879
-0.108523
-0.0325851
0.0435998
0.114458
0.175252
0.221963
0.251265
0.26071
0.249002
0.216193
0.16379
0.0949145
0.0145646
-0.0702643
-0.151001
-0.218589
-0.264928
-0.284167
-0.273613
-0.234218
-0.17062
-0.0905002
-0.00320699
0.0820679
0.15783
0.219029
0.262885
0.288195
0.294606
0.282184
0.251231
0.202278
0.136261
0.0551133
-0.0372834
-0.13422
-0.226167
-0.302057
-0.351613
-0.367797
-0.348537
-0.297141
-0.221377
-0.131493
-0.037855
0.0510334
0.129463
0.194297
0.243954
0.277297
0.292953
0.289313
0.265022
0.219762
0.155048
0.0749017
-0.0139241
-0.102478
-0.181033
-0.240944
-0.276236
-0.284319
-0.265822
-0.223929
-0.163634
-0.0910627
-0.0128928
0.0641578
0.133767
0.190407
0.229743
0.249025
0.247336
0.225556
0.185954
0.131558
0.0656868
-0.00804187
-0.0851943
-0.159966
-0.225128
-0.272836
-0.296141
-0.29081
-0.256764
-0.198535
-0.124342
-0.0440101
0.0334693
0.101688
0.157263
0.199053
0.226855
0.240345
0.238703
0.220895
0.18634
0.13573
0.0718132
-0.000120024
-0.0724758
-0.136509
-0.184137
-0.209703
-0.21098
-0.189175
-0.148138
-0.0932746
-0.0305293
0.0342881
0.0958143
0.149162
0.189933
0.214419
0.220065
0.206001
0.173342
0.125004
0.0651178
-0.00164075
-0.0704293
-0.136244
-0.193787
-0.237635
-0.262906
-0.266331
-0.247225
-0.207854
-0.152871
-0.0880893
-0.0191709
0.0490934
0.112737
0.168098
0.211438
0.239048
0.247826
0.235951
0.203366
0.152002
0.0858922
0.0111398
-0.0645245
-0.13281
-0.186302
-0.219697
-0.230339
-0.218114
-0.185064
-0.135022
-0.0731852
-0.00555989
0.0616686
0.122615
0.172005
0.205462
0.22
0.214592
0.190462
0.150711
0.0993159
0.0400665
-0.023845
-0.0893426
-0.152525
-0.208099
-0.249718
-0.271201
-0.268115
-0.239141
-0.186695
-0.116591
-0.0368608
0.0438043
0.117469
0.177885
0.220897
0.244465
0.24842
0.234021
0.203367
0.15883
0.102847
0.0382611
-0.030982
-0.099394
-0.160242
-0.206577
-0.232493
-0.234138
-0.21038
-0.163113
-0.0971896
-0.0197749
0.0607634
0.136159
0.199269
0.244717
0.269163
0.271409
0.252324
0.214507
0.161587
0.097375
0.0252852
-0.0515496
-0.129564
-0.20398
-0.268645
-0.31671
-0.341945
-0.340174
-0.310417
-0.255315
-0.180686
-0.09432
-0.00449404
0.0812581
0.156839
0.217749
0.261
0.284911
0.288917
0.273343
0.239215
0.188264
0.123231
0.0482951
-0.03079
-0.107163
-0.173806
-0.224502
-0.25447
-0.260739
-0.242521
-0.201599
-0.14237
-0.0712713
0.00432645
0.0772819
0.141481
0.192185
0.226151
0.241701
0.238735
0.2185
0.183057
0.134699
0.0757684
0.00907957
-0.0613547
-0.129915
-0.189777
-0.234086
-0.257447
-0.257213
-0.234118
-0.192083
-0.137167
-0.0760029
-0.0143097
0.0439023
0.0962103
0.140988
0.176552
0.200732
0.211021
0.205111
0.181589
0.140647
0.0847607
0.019078
-0.0488285
-0.110125
-0.156526
-0.182183
-0.184905
-0.166422
-0.131626
-0.087101
-0.0393282
0.00678943
0.0485942
0.0852771
0.116788
0.142679
0.161507
0.170945
0.168379
0.151618
0.119529
0.0726098
0.0135346
-0.0525878
-0.118596
-0.176461
-0.218924
-0.240951
-0.24051
-0.218616
-0.178789
-0.126127
-0.066185
-0.00399573
0.0564073
0.111812
0.159273
0.195709
0.218032
0.223772
0.211753
0.182449
0.137891
0.0814442
0.0176698
-0.0478193
-0.108852
-0.159601
-0.195514
-0.213772
-0.213184
-0.193908
-0.157389
-0.10648
-0.0454671
0.0202506
0.0847015
0.141973
0.186779
0.215036
0.224367
0.214446
0.186937
0.14496
0.0922485
0.0324806
-0.0308216
-0.0938412
-0.151973
-0.199818
-0.231864
-0.243605
-0.232734
-0.2
-0.149422
-0.087567
-0.0220531
0.0402175
0.0942898
0.137477
0.168814
0.188188
0.19561
0.190852
0.173432
0.14287
0.0992153
0.0438675
-0.019592
-0.0851064
-0.144888
-0.191128
-0.217938
-0.222628
-0.205875
-0.171018
-0.122972
-0.0671822
-0.00876685
0.0480007
0.0998271
0.144124
0.178619
0.201117
0.209661
0.202989
0.181054
0.145248
0.0982739
0.043754
-0.0141317
-0.0709232
-0.122117
-0.163524
-0.191671
-0.204195
-0.200126
-0.180092
-0.146319
-0.102302
-0.0521221
0.000312629
0.0516793
0.0991314
0.139883
0.170927
0.189186
0.192041
0.177918
0.146694
0.0999061
0.0409165
-0.0249973
-0.0908817
-0.148979
-0.192143
-0.215316
-0.216494
-0.196844
-0.160067
-0.111276
-0.0557762
0.00185319
0.0581052
0.110274
0.155884
0.192264
0.216589
0.226333
0.219848
0.196704
0.157736
0.104958
0.0416183
-0.0276629
-0.0969155
-0.159319
-0.20814
-0.237869
-0.245165
-0.229453
-0.193006
-0.140483
-0.0779662
-0.0118283
0.0522128
0.109519
0.156534
0.190577
0.209754
0.212969
0.199984
0.17136
0.128427
0.0734189
0.00980456
-0.0575135
-0.122476
-0.178665
-0.220247
-0.242697
-0.243227
-0.221143
-0.17816
-0.11846
-0.0482406
0.0252126
0.0946039
0.153546
0.19723
0.222847
0.229758
0.219286
0.19404
0.15692
0.110236
0.0555198
-0.00577035
-0.0710264
-0.135576
-0.192752
-0.235059
-0.256011
-0.251919
-0.222981
-0.173181
-0.109101
-0.0381414
0.0329898
0.0989961
0.155879
0.200471
0.230104
0.242632
0.236678
0.211918
0.169326
0.11147
0.0428168
-0.0302338
-0.0999688
-0.158632
-0.19993
-0.22012
-0.218369
-0.196408
-0.157817
-0.107162
-0.0492835
0.0111368
0.0696369
0.121899
0.163767
0.19159
0.202733
0.196011
0.17176
0.131602
0.0781202
0.0148126
-0.0537079
-0.121521
-0.181705
-0.227257
-0.252444
-0.254045
-0.23211
-0.189931
-0.133234
-0.0687568
-0.00275813
0.0600017
0.116383
0.16425
0.201619
0.226182
0.235416
0.227168
0.200371
0.155672
0.0958816
0.0261551
-0.0463179
-0.113292
-0.166993
-0.201667
-0.214518
-0.205758
-0.177935
-0.135015
-0.0815689
-0.0222732
0.038296
0.0956828
0.145561
0.18391
0.207406
0.213917
0.202854
0.1752
0.133189
0.0798574
0.0187639
-0.0460036
-0.109664
-0.166768
-0.211622
-0.239143
-0.245889
-0.230935
-0.196225
-0.146149
-0.0865016
-0.0232383
0.038389
0.0941028
0.140413
0.174391
0.193661
0.196593
0.182518
0.151813
0.105973
0.0478039
-0.0182787
-0.0861671
-0.148542
-0.197889
-0.227734
-0.23368
-0.214133
-0.170654
-0.107896
-0.0329374
0.0458992
0.120405
0.183588
0.230288
0.25739
0.263822
0.250453
0.219783
0.175326
0.120802
0.0595412
-0.00550792
-0.0711929
-0.133496
-0.18742
-0.227618
-0.24954
-0.250544
-0.230573
-0.192142
-0.139665
-0.0784261
-0.0136635
0.0498616
0.107752
0.155705
0.18949
0.205434
0.201156
0.176237
0.132489
0.0738868
0.00628768
-0.0629962
-0.125959
-0.17505
-0.204512
-0.211403
-0.195932
-0.161017
-0.111338
-0.0522771
0.0109016
0.0734469
0.131124
0.180097
0.216936
0.238901
0.244354
0.233042
0.205944
0.164731
0.111182
0.0470578
-0.0253399
-0.102251
-0.177792
-0.244125
-0.292604
-0.315657
-0.308805
-0.27209
-0.210251
-0.131571
-0.0457935
0.0379506
0.112566
0.173437
0.218159
0.24589
0.256664
0.250775
0.228392
0.189592
0.135009
0.0668746
-0.0101327
-0.0889604
-0.161311
-0.219331
-0.257009
-0.270878
-0.260098
-0.226288
-0.173213
-0.106299
-0.0319388
0.043245
0.113024
0.172021
0.216059
0.242439
0.25004
0.239181
0.211233
0.168222
0.112675
0.0478928
-0.0215867
-0.089766
-0.149624
-0.194256
-0.21837
-0.219602
-0.199115
-0.161216
-0.112042
-0.0578703
-0.00376838
0.0468194
0.0915485
0.128246
0.154312
0.166814
0.163184
0.142089
0.104148
0.0523233
-0.00804304
-0.0696665
-0.12431
-0.164254
-0.183867
-0.180842
-0.1566
-0.115723
-0.0645022
-0.00922997
0.0450815
0.0949774
0.137972
0.171692
0.193512
0.200923
0.192332
0.167663
0.12839
0.0771025
0.0171143
-0.0475759
-0.112018
-0.170271
-0.215921
-0.243235
-0.248496
-0.231044
-0.193559
-0.141429
-0.0813591
-0.0197913
0.0382416
0.0894114
0.131642
0.163385
0.183138
0.189384
0.180832
0.156725
0.117217
0.0639141
0.000566973
-0.0665582
-0.129105
-0.178056
-0.205751
-0.207775
-0.184013
-0.13849
-0.0780773
-0.0105874
0.0569574
0.119214
0.172442
0.213855
0.241038
0.251821
0.244635
0.218972
0.175655
0.116837
0.0459455
-0.0322759
-0.111742
-0.185355
-0.245818
-0.286769
-0.303854
-0.295461
-0.262921
-0.210132
-0.14268
-0.0668426
0.0111546
0.085367
0.15011
0.20005
0.230728
0.239346
0.225439
0.190953
0.139743
0.0768282
0.00793732
-0.0606494
-0.122284
-0.170534
-0.200061
-0.207434
-0.191601
-0.154047
-0.0987014
-0.0315254
0.0403047
0.10946
0.169442
0.215187
0.243294
0.251999
0.241094
0.211782
0.166416
0.108121
0.0404653
-0.0325564
-0.106204
-0.174679
-0.231336
-0.269672
-0.28481
-0.27485
-0.241435
-0.189294
-0.124947
-0.055134
0.014398
0.0793142
0.136382
0.182802
0.215747
0.23237
0.230288
0.208231
0.16662
0.10795
0.0369592
-0.0395379
-0.113325
-0.176032
-0.220624
-0.242606
-0.240514
-0.215696
-0.171628
-0.113093
-0.0454148
0.026065
0.0962175
0.160091
0.212897
0.250206
0.268467
0.265635
0.241592
0.198126
0.138492
0.066877
-0.0118838
-0.0922837
-0.168044
-0.232312
-0.278344
-0.300628
-0.296102
-0.265013
-0.210949
-0.140034
-0.0596518
0.0226818
0.0999978
0.166159
0.216099
0.246162
0.254483
0.241095
0.207697
0.157226
0.0936287
0.0219201
-0.0517426
-0.120425
-0.1773
-0.216734
-0.235048
-0.230791
-0.204614
-0.159
-0.0979686
-0.0268179
0.0481357
0.119877
0.181252
0.225807
0.24883
0.248257
0.225051
0.182786
0.126584
0.0618907
-0.00629575
-0.0734862
-0.135284
-0.187034
-0.223988
-0.242064
-0.238872
-0.214466
-0.1714
-0.114097
-0.0479028
0.0216501
0.0891528
0.149364
0.19731
0.228632
0.240057
0.229802
0.197772
0.145687
0.0772702
-0.00158264
-0.0829914
-0.158003
-0.218131
-0.256994
-0.27135
-0.261234
-0.229281
-0.179718
-0.117386
-0.0471427
0.0262932
0.098132
0.163335
0.216778
0.253894
0.271501
0.268418
0.245469
0.204988
0.150113
0.0843926
0.0118003
-0.0629829
-0.134442
-0.196437
-0.242845
-0.268462
-0.270035
-0.247055
-0.202034
-0.140139
-0.0683437
0.00559749
0.0741825
0.131101
0.171985
0.194825
0.199852
0.188918
0.164575
0.129321
0.0854177
0.0352651
-0.0180587
-0.0706312
-0.11795
-0.155399
-0.17864
-0.18409
-0.169622
-0.135402
-0.0843621
-0.0219306
0.044903
0.108797
0.163094
0.202549
0.22374
0.225274
0.207752
0.17345
0.125694
0.0681486
0.0043846
-0.0620483
-0.127246
-0.186657
-0.235213
-0.267848
-0.280311
-0.270064
-0.237082
-0.184143
-0.116398
-0.0403324
0.0373338
0.110379
0.173348
0.221659
0.251825
0.261789
0.251172
0.221206
0.174411
0.114278
0.0452008
-0.0274378
-0.097374
-0.158052
-0.203573
-0.229609
-0.233932
-0.216494
-0.179171
-0.125364
-0.0596095
0.012711
0.0855595
0.152487
0.207135
0.244034
0.25948
0.252125
0.222978
0.174883
0.111817
0.0384529
-0.0398898
-0.117124
-0.186483
-0.241063
-0.274831
-0.283856
-0.267357
-0.228056
-0.17153
-0.104736
-0.0343454
0.0343166
0.0973908
0.15187
0.194872
0.223309
0.234134
0.224958
0.194769
0.144608
0.0781116
0.00171334
-0.0758421
-0.144875
-0.196716
-0.225535
-0.229284
-0.209546
-0.17049
-0.117491
-0.0559435
0.00935773
0.0741652
0.134313
0.185319
0.222517
0.241754
0.240341
0.217724
0.175597
0.117505
0.0483151
-0.0261695
-0.0994124
-0.164449
-0.214516
-0.244047
-0.249762
-0.231477
-0.192257
-0.137727
-0.0746814
-0.00954228
0.0527147
0.108714
0.156098
0.192693
0.216079
0.223734
0.213629
0.184851
0.138095
0.0760307
0.00356704
-0.0722489
-0.14302
-0.200518
-0.238368
-0.253223
-0.244932
-0.215867
-0.169819
-0.111058
-0.0438654
0.0273495
0.0976591
0.161409
0.212582
0.245721
0.257082
0.245483
0.212524
0.162068
0.0993098
0.0298118
-0.0411149
-0.108655
-0.168456
-0.21651
-0.249062
-0.262787
-0.255321
-0.226044
-0.176647
-0.111159
-0.0353872
0.0438283
0.119318
0.184161
0.232369
0.259625
0.263899
0.245593
0.207102
0.152068
0.0848057
0.0101805
-0.0662091
-0.13804
-0.198678
-0.241943
-0.262867
-0.258423
-0.228116
-0.174411
-0.102643
-0.0203518
0.0638399
0.141376
0.204759
0.248272
0.268527
0.264709
0.238431
0.193086
0.132968
0.0625463
-0.0136695
-0.090752
-0.162889
-0.223475
-0.26595
-0.285175
-0.278702
-0.247419
-0.195263
-0.128145
-0.0526094
0.0251877
0.0998225
0.166394
0.220192
0.256723
0.272205
0.264331
0.232904
0.180118
0.11045
0.0303497
-0.0523447
-0.12928
-0.192786
-0.236983
-0.258463
-0.256342
-0.231986
-0.188604
-0.130819
-0.0640691
0.0060206
0.0741338
0.135411
0.185456
0.220455
0.237616
0.2357
0.215303
0.17862
0.128856
0.0697173
0.005336
-0.0594929
-0.119237
-0.168148
-0.201268
-0.215476
-0.210075
-0.18675
-0.148947
-0.100968
-0.04712
0.00874626
0.0631989
0.112873
0.154184
0.183401
0.197139
0.193077
0.170592
0.131079
0.0779211
0.0162027
-0.0477971
-0.10737
-0.15635
-0.190012
-0.20559
-0.202321
-0.181209
-0.144718
-0.0964156
-0.0405435
0.018451
0.0761874
0.128428
0.171072
0.200385
0.21349
0.208961
0.187111
0.149824
0.100008
0.0411239
-0.0229333
-0.0876141
-0.147608
-0.197186
-0.231082
-0.245513
-0.239019
-0.212731
-0.170031
-0.115614
-0.054367
0.00947383
0.0724919
0.131676
0.183813
0.225194
0.251816
0.26
0.247164
0.212565
0.157926
0.0878443
0.00973388
-0.0670641
-0.133031
-0.180589
-0.205738
-0.208537
-0.192426
-0.162817
-0.125523
-0.0853888
-0.0454249
-0.00668014
0.0310404
0.0679066
0.102825
0.132874
0.153658
0.160435
0.149507
0.119416
0.0716568
0.0108758
-0.0554828
-0.118171
-0.16781
-0.196937
-0.201797
-0.18316
-0.145832
-0.0969909
-0.044004
0.00748762
0.0544494
0.0961094
0.132668
0.163843
0.187944
0.201863
0.201878
0.184889
0.149616
0.0974456
0.0327404
-0.0374906
-0.104654
-0.160225
-0.197573
-0.213275
-0.207478
-0.183298
-0.145627
-0.099836
-0.0507234
-0.00195565
0.0439076
0.0849325
0.119213
0.144562
0.158675
0.159657
0.146571
0.119747
0.0807936
0.0324919
-0.0212787
-0.0755565
-0.124522
-0.162096
-0.182981
-0.183822
-0.164145
-0.12663
-0.0765682
-0.0205606
0.0350182
0.0852221
0.126896
0.158291
0.178322
0.186063
0.180666
0.161659
0.129258
0.0846577
0.0302473
-0.030104
-0.0909861
-0.145877
-0.188276
-0.213098
-0.217767
-0.202449
-0.169575
-0.122947
-0.0669352
-0.00589999
0.0560228
0.114904
0.166823
0.207814
0.234061
0.242449
0.231202
0.200352
0.151795
0.0890147
0.01671
-0.0594415
-0.132964
-0.19695
-0.244821
-0.271382
-0.273851
-0.252503
-0.210695
-0.154155
-0.089672
-0.0235887
0.0392966
0.0959853
0.144707
0.183977
0.211889
0.225987
0.223725
0.203243
0.164187
0.108408
0.0403763
-0.0329222
-0.102855
-0.160715
-0.199505
-0.215271
-0.207538
-0.178874
-0.133907
-0.0781926
-0.0172706
0.0438857
0.100945
0.150004
0.187396
0.209841
0.21495
0.201825
0.171352
0.126023
0.0694331
0.00584538
-0.0599821
-0.122779
-0.176924
-0.217009
-0.238775
-0.240056
-0.221285
-0.185277
-0.136342
-0.0791974
-0.018187
0.0428811
0.100412
0.150631
0.189531
0.21331
0.219097
0.205601
0.173405
0.124934
0.0642911
-0.00301766
-0.0705644
-0.131794
-0.18086
-0.21317
-0.22551
-0.216092
-0.184809
-0.133691
-0.0671546
0.00823148
0.0845099
0.153412
0.207555
0.241565
0.252898
0.242118
0.212434
0.168538
0.11516
0.0559555
-0.00665828
-0.0707562
-0.133787
-0.19188
-0.239973
-0.272693
-0.285558
-0.276012
-0.243912
-0.191411
-0.122494
-0.042584
0.0416868
0.122686
0.192397
0.243495
0.270699
0.271833
0.248172
0.203941
0.145304
0.0792342
0.0125286
-0.0490456
-0.101385
-0.14221
-0.170593
-0.186071
-0.187942
-0.175178
-0.147014
-0.103854
-0.0480696
0.0156834
0.0807611
0.139502
0.184638
0.210787
0.215476
0.199338
0.1654
0.117916
0.0613388
-0.000103482
-0.0622588
-0.120708
-0.170664
-0.207327
-0.226637
-0.22617
-0.205796
-0.167771
-0.116188
-0.0560637
0.00748048
0.0696212
0.125855
0.171919
0.203916
0.218672
0.214182
0.189965
0.147318
0.0895265
0.0219612
-0.0482139
-0.112988
-0.164962
-0.198797
-0.21203
-0.205077
-0.180613
-0.142719
-0.0959828
-0.0446782
0.00780225
0.0590185
0.107013
0.14956
0.183674
0.205726
0.212213
0.200727
0.170717
0.123763
0.0634955
-0.00468677
-0.0740542
-0.137268
-0.187371
-0.218874
-0.228609
-0.216204
-0.184087
-0.136993
-0.0809537
-0.0220372
0.0347727
0.086056
0.129734
0.164397
0.188711
0.201202
0.200445
0.185401
0.155694
0.111871
0.0557844
-0.00898276
-0.077016
-0.141646
-0.196108
-0.234741
-0.253704
-0.251166
-0.227294
-0.184305
-0.126418
-0.0594008
0.0103595
0.0768814
0.135282
0.181989
0.214655
0.232054
0.234019
0.221292
0.195147
0.156962
0.108088
0.0503061
-0.0133618
-0.0780768
-0.137442
-0.18464
-0.214009
-0.222435
-0.210149
-0.180676
-0.13993
-0.0946083
-0.0504012
-0.01067
0.0238685
0.0543596
0.0823359
0.10828
0.130825
0.146874
0.152457
0.14404
0.119878
0.08108
0.03185
-0.0213741
-0.0717216
-0.113789
-0.144702
-0.16387
-0.171847
-0.169131
-0.155664
-0.131112
-0.0956478
-0.0506527
0.000967301
0.0550841
0.107064
0.152717
0.189057
0.214683
0.229569
0.234398
0.229719
0.215458
0.191041
0.156073
0.111099
0.0580791
0.000401488
-0.0574594
-0.110587
-0.154442
-0.185706
-0.202773
-0.205676
-0.195488
-0.173624
-0.141542
-0.100957
-0.0542018
-0.00469901
0.0440826
0.0870472
0.123678
0.144461
0.165773
