-0.0106312
0.0498924
0.0856524
0.0631848
-0.016534
-0.0326512
-0.00969888
-0.012007
-0.000983781
-0.0421289
-0.0953749
-0.125417
-0.104475
-0.0425087
0.0477625
0.143488
0.173847
0.0939927
-0.00346806
-0.110344
-0.127999
-0.136879
-0.094106
-0.0273192
0.0577985
0.135934
0.136656
0.0824629
-0.0643423
-0.250098
-0.33446
-0.319648
-0.128191
0.0982068
0.281054
0.405687
0.429241
0.327676
0.123597
-0.0594318
-0.202096
-0.247867
-0.192205
0.0988023
0.355623
0.459734
0.412357
0.200033
-0.0763874
-0.261116
-0.403331
-0.447921
-0.388963
-0.23642
-0.115933
-0.026512
0.0637639
0.0449114
-0.179887
-0.388383
-0.420886
-0.272369
-0.064055
0.233242
0.499156
0.497363
0.442441
0.234081
0.070938
0.106891
0.207737
0.24208
0.280484
0.243801
0.216565
-0.0200529
-0.194276
-0.298853
-0.447786
-0.554478
-0.432173
-0.299508
-0.092465
0.00826853
-0.0739216
-0.232488
-0.234048
-0.0592466
0.260009
0.378256
0.439591
0.254802
0.0558327
0.0878562
0.166323
0.256132
0.232977
0.189761
0.12095
0.040192
0.0766895
-0.0244689
-0.284602
-0.594328
-0.655062
-0.549934
-0.282118
-0.0607068
0.00954293
0.00507755
-0.009295
0.168171
0.381457
0.495003
0.473718
0.273153
0.144137
0.161901
0.256468
0.290799
0.256446
0.12504
-0.024171
-0.184953
-0.323543
-0.399695
-0.531068
-0.673417
-0.662974
-0.496413
-0.246213
-0.0250402
0.0134669
0.0775723
0.242142
0.398981
0.347776
0.238329
0.183348
0.285569
0.385321
0.485555
0.407976
0.234718
0.0830699
-0.0551446
-0.202495
-0.275318
-0.357325
-0.55666
-0.658557
-0.521197
-0.210831
0.0171038
0.0413535
-0.0730531
-0.292491
-0.223108
0.125092
0.500732
0.610667
0.561924
0.467784
0.369207
0.375279
0.326532
0.228295
0.0654794
-0.115576
-0.278012
-0.326102
-0.284773
-0.309593
-0.491413
-0.740777
-0.717961
-0.498591
-0.217302
-0.0847076
0.14434
0.48549
0.66178
0.588256
0.380475
0.236226
0.222604
0.258592
0.324893
0.333086
0.31752
0.21957
0.0604859
-0.169295
-0.267747
-0.512667
-0.851703
-0.920575
-0.707225
-0.370891
-0.0729592
-0.0243884
-0.0319389
0.0835004
0.354414
0.452223
0.524866
0.40735
0.359877
0.415718
0.468941
0.418379
0.288881
0.103715
-0.0616702
-0.21817
-0.243747
-0.244265
-0.422961
-0.705747
-0.74971
-0.689219
-0.45163
-0.242499
-0.236941
-0.0933741
0.239124
0.580999
0.64995
0.609412
0.455564
0.332959
0.325191
0.35115
0.324148
0.233959
0.0798816
-0.0212204
-0.104378
-0.128567
-0.302952
-0.586432
-0.830227
-0.784588
-0.5895
-0.26654
-0.0968513
-0.0967759
-0.00591893
0.379338
0.733759
0.626508
0.403914
0.24142
0.203146
0.311836
0.407248
0.286814
0.153551
0.0137106
-0.166072
-0.258972
-0.298225
-0.364224
-0.667701
-0.899323
-0.635391
-0.303232
-0.0431929
0.00332434
0.0148501
0.16018
0.466462
0.589112
0.444397
0.28159
0.301857
0.387553
0.394758
0.293452
0.133865
-0.0110785
-0.0880218
-0.175666
-0.153266
-0.272718
-0.511834
-0.668903
-0.622244
-0.350148
-0.0379132
-0.0324317
-0.141102
-0.161988
0.123605
0.523925
0.617151
0.469588
0.435504
0.437589
0.419705
0.281574
0.0924083
-0.0879537
-0.228836
-0.331722
-0.319109
-0.238875
-0.246854
-0.44829
-0.706256
-0.659781
-0.442586
-0.250237
0.0171484
0.352645
0.542442
0.455519
0.301859
0.308302
0.355457
0.471604
0.535361
0.494216
0.301971
0.0789699
-0.0993702
-0.215662
-0.35451
-0.647562
-0.903408
-0.877876
-0.506144
-0.104744
0.0549332
0.0764
0.0905261
0.175086
0.268453
0.379987
0.404614
0.444709
0.555961
0.57796
0.484025
0.257346
0.0373511
-0.177769
-0.34345
-0.418358
-0.422948
-0.510009
-0.646719
-0.68225
-0.549883
-0.300063
-0.171591
-0.0573336
0.178536
0.485796
0.54848
0.440276
0.401888
0.429059
0.487803
0.450961
0.363748
0.229803
0.071513
-0.159814
-0.341994
-0.379903
-0.46466
-0.724936
-0.941307
-0.754498
-0.329535
-0.0628239
-0.000492361
0.128247
0.514884
0.765754
0.80582
0.556752
0.346915
0.332691
0.339986
0.313137
0.269352
0.164396
0.00793495
-0.217483
-0.347427
-0.376964
-0.54304
-0.952178
-1.13363
-1.02131
-0.541987
-0.0355672
0.203105
0.382572
0.646665
0.721847
0.564557
0.351701
0.304537
0.328196
0.429152
0.447156
0.394727
0.251626
0.0593099
-0.197204
-0.396496
-0.530833
-0.670106
-0.928526
-0.847074
-0.482426
-0.110514
0.0763521
0.0548099
0.120848
0.352703
0.537449
0.524673
0.481261
0.509153
0.495262
0.379462
0.197623
0.0576528
-0.0870482
-0.217745
-0.312355
-0.361045
-0.322946
-0.50575
-0.780973
-0.852986
-0.601449
-0.282354
-0.0635559
0.203389
0.599857
0.797971
0.643937
0.353289
0.20356
0.156371
0.253831
0.353569
0.367578
0.276081
0.0541454
-0.125947
-0.283851
-0.387712
-0.557249
-0.767998
-0.769882
-0.428791
-0.0174628
0.14899
0.226497
0.235692
0.378115
0.415607
0.402488
0.412766
0.41018
0.420656
0.341576
0.165142
-0.0489939
-0.218423
-0.369469
-0.442949
-0.407507
-0.385029
-0.463438
-0.647358
-0.556689
-0.35068
-0.170428
0.0675294
0.372663
0.476661
0.423661
0.301136
0.287603
0.362974
0.502195
0.557328
0.403526
0.213449
0.0096788
-0.218766
-0.337663
-0.360159
-0.500931
-0.768057
-0.738281
-0.44939
-0.0818024
0.067392
0.0153899
0.00381058
0.308194
0.564518
0.546655
0.40461
0.37063
0.414621
0.41809
0.232788
-0.000472216
-0.184541
-0.349209
-0.378953
-0.288133
-0.180405
-0.284646
-0.676672
-0.833438
-0.605615
-0.273074
-0.0730189
0.129282
0.428907
0.719235
0.646021
0.476168
0.468649
0.411639
0.313129
0.22323
0.0916369
-0.00927784
-0.0873757
-0.202225
-0.246169
-0.226318
-0.443704
-0.744996
-0.817502
-0.464526
-0.091002
0.000873898
0.0329653
0.214779
0.648997
0.758297
0.650008
0.477032
0.440005
0.406627
0.278449
0.104164
-0.0553307
-0.184756
-0.316722
-0.375533
-0.357107
-0.310118
-0.476534
-0.89115
-0.890226
-0.604364
-0.299218
-0.154099
0.0370226
0.41018
0.658678
0.625754
0.472796
0.472291
0.481511
0.484567
0.383438
0.280848
0.184239
0.0706832
-0.0998492
-0.196369
-0.2551
-0.427976
-0.734326
-0.807617
-0.543419
-0.274373
-0.200756
-0.24592
-0.099967
0.264066
0.552427
0.651972
0.518879
0.378203
0.391019
0.427049
0.34163
0.209039
0.0706716
-0.100092
-0.180282
-0.223915
-0.162508
-0.287579
-0.588316
-0.785284
-0.744042
-0.440332
-0.170039
-0.0259649
0.112463
0.386622
0.480605
0.371094
0.226102
0.193632
0.209911
0.34017
0.450207
0.390513
0.283198
0.0955748
-0.118065
-0.197552
-0.339823
-0.527075
-0.748814
-0.72366
-0.396173
-0.0259611
0.124934
0.266049
0.310635
0.361372
0.349591
0.157472
0.0108228
0.0923547
0.237206
0.41072
0.382433
0.260711
0.119386
-0.0403483
-0.173721
-0.292005
-0.399446
-0.592178
-0.78871
-0.730071
-0.376434
-0.00740517
0.0545123
0.0417357
0.218664
0.425526
0.403344
0.311483
0.248
0.278712
0.459135
0.491784
0.375427
0.174644
-0.0153398
-0.216255
-0.329651
-0.294207
-0.272337
-0.546493
-0.714208
-0.510906
-0.190235
0.0359129
-0.041325
-0.151233
0.0635898
0.394341
0.597473
0.498856
0.403448
0.441789
0.485251
0.28057
0.111123
-0.0257884
-0.151485
-0.287113
-0.38156
-0.265494
-0.215222
-0.432999
-0.656755
-0.705262
-0.393335
-0.0641875
-0.0197854
0.112123
0.497501
0.616969
0.542119
0.30017
0.15362
0.133132
0.244871
0.287426
0.213794
0.125089
0.0648019
-0.0794221
-0.244492
-0.262722
-0.463284
-0.765733
-0.789999
-0.554431
-0.111038
0.197102
0.225722
0.136895
0.18906
0.426715
0.3708
0.305276
0.260669
0.310918
0.38111
0.35885
0.219762
0.0789219
-0.0503047
-0.243115
-0.369478
-0.328425
-0.29946
-0.377427
-0.541834
-0.403625
-0.245358
-0.11342
-0.0493958
-0.0222672
0.204764
0.375957
0.372541
0.268073
0.180084
0.289809
0.407572
0.424243
0.32634
0.134275
-0.0475475
-0.210703
-0.31329
-0.365586
-0.463424
-0.701287
-0.706916
-0.42862
-0.0943817
0.136536
0.15259
0.228405
0.343259
0.344104
0.28191
0.237119
0.299052
0.429721
0.486176
0.368779
0.223859
0.0642726
-0.101141
-0.238612
-0.265395
-0.316702
-0.494835
-0.69885
-0.698586
-0.458596
-0.210753
-0.11126
0.0548798
0.23503
0.449115
0.485813
0.40105
0.303807
0.331631
0.355799
0.355243
0.267469
0.139383
0.000542076
-0.139591
-0.216902
-0.228032
-0.385946
-0.612126
-0.731964
-0.589745
-0.28896
-0.104557
-0.139214
-0.107104
0.238
0.605788
0.619522
0.510408
0.427599
0.421853
0.382494
0.240965
0.0504214
-0.0620608
-0.105341
-0.162062
-0.179884
-0.115527
-0.159678
-0.537726
-0.869539
-0.771201
-0.469834
-0.229152
-0.0660976
0.277119
0.557747
0.581431
0.406168
0.300439
0.295925
0.397664
0.477456
0.388272
0.247738
0.0857679
-0.0775127
-0.230804
-0.322715
-0.384279
-0.641181
-0.808856
-0.592215
-0.192659
-0.0104063
0.0335429
0.0676881
0.239948
0.333899
0.356322
0.308774
0.348494
0.425652
0.49787
0.323339
0.121464
-0.00408816
-0.132329
-0.258589
-0.312733
-0.337743
-0.452995
-0.698017
-0.718152
-0.547537
-0.239525
-0.0028151
0.173024
0.297562
0.461771
0.497952
0.361146
0.215212
0.225847
0.352192
0.466364
0.43681
0.284739
0.0964851
-0.100105
-0.278404
-0.38326
-0.503566
-0.663518
-0.714521
-0.520532
-0.173725
0.0932564
0.132151
0.113575
0.202855
0.310527
0.38119
0.391448
0.383412
0.445455
0.440793
0.281501
0.101242
-0.00609589
-0.153643
-0.274378
-0.305856
-0.327646
-0.380163
-0.56208
-0.635794
-0.524051
-0.283477
-0.147774
0.0111986
0.308578
0.422193
0.47139
0.324752
0.217974
0.324766
0.407055
0.369886
0.260353
0.107795
-0.0251326
-0.157608
-0.303038
-0.300195
-0.41426
-0.729185
-0.738777
-0.530656
-0.19137
-0.00229858
0.0304116
0.208914
0.593094
0.746788
0.630644
0.488417
0.406112
0.368918
0.281409
0.147574
-0.00363068
-0.120653
-0.261957
-0.333309
-0.229369
-0.202062
-0.38006
-0.681681
-0.729058
-0.453097
-0.190773
-0.0910147
0.089928
0.295018
0.389363
0.388075
0.315311
0.284561
0.407125
0.469162
0.456426
0.255617
0.0445739
-0.18988
-0.372412
-0.456669
-0.429757
-0.543745
-0.687245
-0.539056
-0.213964
0.0880914
0.195273
0.241533
0.337212
0.363769
0.405292
0.346253
0.405219
0.480676
0.448738
0.291718
0.135714
0.0327259
-0.117951
-0.240983
-0.2342
-0.168497
-0.367603
-0.698009
-0.889027
-0.825571
-0.562022
-0.398455
-0.105498
0.39427
0.63088
0.747941
0.558183
0.380841
0.354267
0.358079
0.313756
0.282294
0.219147
0.143333
0.0242542
-0.0891811
-0.106232
-0.341185
-0.771548
-0.88082
-0.795128
-0.424148
-0.112182
-0.096407
-0.119274
0.0779311
0.401485
0.554099
0.477465
0.452842
0.474813
0.485139
0.410247
0.249257
0.112795
0.0115218
-0.0717583
-0.18924
-0.228413
-0.296409
-0.497678
-0.71851
-0.68043
-0.399337
-0.214658
0.0115219
0.256578
0.3699
0.423297
0.320883
0.132997
0.120102
0.221208
0.399187
0.433293
0.288051
0.0638317
-0.15308
-0.321975
-0.38275
-0.486979
-0.64031
-0.608012
-0.406255
-0.104701
0.152433
0.236888
0.466905
0.456766
0.349533
0.193379
0.123468
0.293673
0.460966
0.452352
0.24759
-0.0157072
-0.190944
-0.298979
-0.346925
-0.309324
-0.301147
-0.590176
-0.714263
-0.612724
-0.29287
-0.0441479
0.0742414
0.323369
0.496755
0.44763
0.29885
0.19414
0.196237
0.267105
0.3528
0.33941
0.206703
0.0451054
-0.099983
-0.247045
-0.241582
-0.386342
-0.739085
-0.866403
-0.569201
-0.160926
0.0803664
0.249477
0.524133
0.626934
0.47835
0.322394
0.25697
0.32351
0.455476
0.426199
0.292599
0.123687
-0.0563871
-0.273777
-0.40209
-0.397931
-0.44195
-0.703002
-0.84087
-0.679429
-0.33117
-0.135012
-0.088349
0.0979565
0.44952
0.500937
0.379228
0.372921
0.455128
0.558085
0.558456
0.328856
0.144109
-0.0822285
-0.299779
-0.432536
-0.384938
-0.248743
-0.424007
-0.746413
-0.607855
-0.164212
0.0761665
0.09189
0.13592
0.380475
0.667518
0.670597
0.491353
0.362324
0.364119
0.320816
0.153412
0.034976
-0.0775836
-0.235715
-0.369766
-0.426313
-0.383773
-0.479133
-0.700543
-0.76248
-0.551475
-0.173489
0.113406
0.267919
0.428832
0.460748
0.372321
0.284005
0.29939
0.345042
0.456735
0.447689
0.331607
0.131529
-0.05178
-0.251811
-0.43032
-0.491198
-0.600736
-0.752198
-0.681333
-0.36989
-0.0280267
0.119078
0.0792612
0.199219
0.427158
0.437098
0.449186
0.422198
0.504142
0.56121
0.4773
0.269808
0.0864566
-0.0711347
-0.276539
-0.416254
-0.418913
-0.359446
-0.567863
-0.82388
-0.66329
-0.475223
-0.337065
-0.139264
0.214694
0.540377
0.571763
0.445434
0.420134
0.48432
0.559022
0.485977
0.304642
0.10245
-0.0280436
-0.221424
-0.294983
-0.264647
-0.357214
-0.645682
-0.797394
-0.555947
-0.175327
-0.0720792
-0.0730939
0.0557177
0.294234
0.429327
0.501217
0.526937
0.598851
0.609376
0.488449
0.209825
0.0206032
-0.182557
-0.365493
-0.428118
-0.341274
-0.223944
-0.357041
-0.582901
-0.578988
-0.420502
-0.321641
-0.093995
0.215599
0.37872
0.447343
0.349069
0.360799
0.445442
0.522638
0.554214
0.336955
0.158481
0.0164467
-0.156874
-0.332599
-0.398063
-0.556309
-0.812181
-0.834611
-0.599746
-0.194899
0.00086099
0.105743
0.130373
0.215547
0.368249
0.391253
0.383515
0.491922
0.602662
0.634394
0.419372
0.188712
0.0287792
-0.107119
-0.241168
-0.225517
-0.248093
-0.369909
-0.623509
-0.71081
-0.598859
-0.397623
-0.346461
-0.23876
0.14949
0.456866
0.490444
0.414872
0.464486
0.542525
0.425719
0.246221
0.0874422
0.0115315
-0.0368547
-0.0996715
-0.126231
-0.0688979
-0.130707
-0.507696
-0.644008
-0.440366
-0.161208
-0.183876
-0.292493
-0.12344
0.253934
0.626695
0.631662
0.500165
0.426259
0.44268
0.372814
0.185792
0.0458228
-0.0277644
-0.18215
-0.352279
-0.366934
-0.263757
-0.315012
-0.54725
-0.742887
-0.584455
-0.320996
-0.202726
-0.178265
0.0719816
0.465746
0.676413
0.493707
0.355198
0.43486
0.53303
0.498651
0.343308
0.170015
-0.000524925
-0.143692
-0.28008
-0.297917
-0.310428
-0.503879
-0.703317
-0.675441
-0.35221
-0.0888149
-0.08994
0.0123834
0.218469
0.360127
0.435891
0.468023
0.529668
0.619106
0.574666
0.40795
0.17681
-0.0349452
-0.202239
-0.3197
-0.34873
-0.328861
-0.492591
-0.73004
-0.709137
-0.560132
-0.347038
-0.210556
0.0209205
0.416815
0.525662
0.470742
0.303915
0.209983
0.307178
0.435055
0.480065
0.422822
0.291117
0.053388
-0.15357
-0.336013
-0.42737
-0.591963
-0.86448
-0.763909
-0.442662
-0.0478335
0.155995
0.201733
0.25346
0.279863
0.360126
0.353555
0.322059
0.452046
0.606687
0.528655
0.299
0.0417926
-0.143678
-0.303401
-0.416242
-0.405501
-0.440663
-0.595093
-0.650523
-0.576135
-0.292882
-0.0397658
0.0947822
0.31415
0.527779
0.461745
0.335685
0.217427
0.23675
0.335067
0.456529
0.401496
0.280552
0.0687955
-0.150959
-0.345179
-0.378792
-0.436954
-0.724124
-0.877636
-0.599138
-0.208037
0.0663295
0.0701048
0.136848
0.211682
0.296418
0.350108
0.393564
0.518496
0.682733
0.646917
0.352661
0.106252
-0.0477608
-0.237215
-0.376056
-0.452057
-0.332497
-0.350671
-0.505011
-0.562157
-0.45273
-0.269618
-0.302744
-0.284068
0.0705706
0.42823
0.640236
0.478121
0.47602
0.553967
0.619524
0.502413
0.26905
0.0552087
-0.112303
-0.24495
-0.354365
-0.281196
-0.3168
-0.612126
-0.774431
-0.696414
-0.277928
-0.147903
-0.168629
0.0167985
0.444849
0.669669
0.722096
0.589643
0.502094
0.52667
0.435102
0.190723
-0.00865502
-0.152604
-0.270622
-0.377201
-0.355702
-0.332404
-0.484303
-0.781615
-0.75202
-0.518213
-0.212558
0.0204569
0.22075
0.450219
0.489038
0.435981
0.365024
0.411517
0.524468
0.585448
0.480519
0.288936
0.0737866
-0.173524
-0.412397
-0.47538
-0.51347
-0.612251
-0.767911
-0.597536
-0.297364
-0.00883482
-0.00687765
-0.00952928
0.134068
0.439343
0.54494
0.431906
0.331989
0.397525
0.507206
0.455527
0.232747
0.0530162
-0.109021
-0.245821
-0.326295
-0.24868
-0.253344
-0.466046
-0.688774
-0.612871
-0.277924
0.0267336
0.0294982
0.0802549
0.280016
0.334829
0.257304
0.231902
0.294229
0.442831
0.467507
0.347674
0.231294
0.0888241
-0.11807
-0.336796
-0.431854
-0.390127
-0.464333
-0.62023
-0.492693
-0.204275
0.00592925
-0.0136739
-0.0153488
0.164689
0.328857
0.494927
0.347809
0.292269
0.40103
0.476011
0.39194
0.205452
0.0200887
-0.126096
-0.253533
-0.349152
-0.281478
-0.300629
-0.504345
-0.635617
-0.679314
-0.32689
-0.0880902
-0.0184008
0.105678
0.327822
0.433404
0.338039
0.224532
0.309587
0.427827
0.56143
0.547354
0.380466
0.243465
0.069997
-0.172522
-0.365906
-0.46341
-0.655203
-0.801769
-0.696691
-0.314422
0.110167
0.214249
0.15913
0.0986909
0.130588
0.222496
0.110402
-0.0148812
0.0558138
0.257568
0.481843
0.47349
0.385143
0.2079
0.00145014
-0.286617
-0.481361
-0.513044
-0.591119
-0.69623
-0.6438
-0.251037
0.154207
0.344822
0.455905
0.384342
0.361489
0.172594
0.038395
0.081714
0.262133
0.451702
0.471214
0.363734
0.223497
0.0435025
-0.247721
-0.45518
-0.523877
-0.619428
-0.673392
-0.62748
-0.270699
0.0974068
0.203278
0.157979
0.178901
0.248357
0.256422
0.199564
0.180218
0.232914
0.334871
0.390584
0.250081
0.0636184
-0.0399756
-0.178399
-0.28089
-0.329359
-0.32914
-0.454131
-0.555578
-0.474836
-0.221603
-0.0413033
0.202373
0.373768
0.461866
0.510359
0.369034
0.174169
0.157292
0.188605
0.335154
0.248184
0.127411
-0.0212784
-0.173821
-0.318215
-0.315529
-0.41321
-0.541579
-0.676062
-0.571912
-0.196571
0.127911
0.176941
0.185474
0.161269
0.351295
0.403693
0.395434
0.392439
0.446672
0.480039
0.410896
0.196518
0.038649
-0.162221
-0.338434
-0.444368
-0.458571
-0.481433
-0.606041
-0.71808
-0.575896
-0.254611
-0.0178083
0.111324
0.272212
0.433416
0.506692
0.35977
0.181029
0.207547
0.310905
0.420863
0.437345
0.333089
0.191501
-0.00700139
-0.247441
-0.377957
-0.477714
-0.663267
-0.773351
-0.617609
-0.23334
0.0900103
0.132019
0.196675
0.294543
0.347843
0.406485
0.33158
0.321898
0.415426
0.441654
0.335326
0.167613
-0.0288743
-0.211641
-0.371309
-0.359388
-0.308095
-0.410856
-0.583746
-0.596906
-0.4622
-0.234419
-0.077357
0.120873
0.345376
0.331302
0.255106
0.235911
0.310134
0.445666
0.502294
0.44333
0.335903
0.180247
-0.0582855
-0.274141
-0.327219
-0.301857
-0.441624
-0.692209
-0.612165
-0.348512
-0.139158
-0.108374
-0.162886
-0.0473144
0.395798
0.715583
0.646465
0.531447
0.583253
0.550795
0.300975
0.0301308
-0.109603
-0.191087
-0.281895
-0.319439
-0.188612
-0.10598
-0.275737
-0.684059
-0.821545
-0.530797
-0.329774
-0.357646
-0.102978
0.29641
0.391472
0.343116
0.430593
0.576615
0.79989
0.692362
0.484005
0.256974
0.00967552
-0.223342
-0.445398
-0.362027
-0.208892
-0.387116
-0.552079
-0.332048
-0.0570679
-0.0861456
-0.249073
-0.322467
-0.164438
0.105353
0.295937
0.440369
0.539747
0.662091
0.604671
0.429896
0.200308
-0.0035576
-0.206776
-0.335079
-0.270042
-0.177136
-0.280279
-0.443083
-0.572625
-0.523374
-0.379662
-0.283051
-0.113963
0.134035
0.327198
0.421765
0.357606
0.309816
0.364556
0.431619
0.494974
0.365271
0.230782
0.0593894
-0.134498
-0.266923
-0.340399
-0.466053
-0.695985
-0.693973
-0.47807
-0.150281
0.0818789
0.105124
0.0501145
0.142507
0.345641
0.328704
0.216954
0.219342
0.269448
0.433525
0.48513
0.430404
0.22731
-0.00552626
-0.217624
-0.38571
-0.410582
-0.424657
-0.595877
-0.6769
-0.51609
-0.200467
-0.0126479
0.0332572
0.155805
0.415541
0.469859
0.373777
0.227095
0.180919
0.257799
0.340522
0.335097
0.306188
0.160281
0.00219629
-0.158386
-0.2448
-0.226805
-0.435899
-0.742289
-0.755681
-0.5303
-0.243237
-0.0689325
-0.0757361
-0.0772521
0.153096
0.468761
0.64348
0.514955
0.310723
0.320291
0.35095
0.367985
0.250131
0.116782
0.00912257
-0.0909272
-0.12858
-0.132905
-0.186635
-0.41169
-0.721094
-0.783869
-0.48578
-0.130364
-0.0375263
0.0497458
0.278283
0.420481
0.328415
0.120921
0.00654149
-0.0368918
0.0490067
0.175271
0.333996
0.510612
0.347167
0.186122
0.00744191
-0.100163
-0.285599
-0.583028
-0.664178
-0.464368
-0.204106
0.0599102
0.0734398
-0.21745
-0.308577
-0.10911
0.00375209
0.216486
0.323286
0.450403
0.482557
0.477565
0.354809
0.252937
0.202225
0.226608
0.102119
0.0980329
0.280885
0.21142
-0.121447
-0.343737
-0.389738
-0.390288
-0.427721
-0.457825
-0.445817
-0.261672
-0.0896313
0.00910515
-0.00954577
-0.0122032
-0.048446
0.0565445
0.471413
0.350298
